#The data is: Date,Time,Latitude,Longitude,T,ROW,DIR,SPD
2008-10-31, 14:00:00,36.773,98.670,9.0,43.0,320.0,1.5
2008-10-31, 14:00:00,30.317,97.767,16.7,43.0,0.0,0.0
2008-10-31, 14:00:00,34.398,96.148,13.0,43.0,0.0,0.0
2008-10-31, 14:00:00,28.973,95.863,17.0,43.0,60.0,1.5
2008-10-31, 14:00:00,45.150,89.150,8.0,43.0,310.0,2.6
2008-10-31, 14:00:00,33.717,96.667,16.0,43.0,190.0,7.7
2008-10-31, 14:00:00,29.115,95.463,17.8,43.0,0.0,0.0
2008-10-31, 14:00:00,32.131,110.955,16.7,43.0,140.0,4.6
2008-10-31, 14:00:00,31.583,110.350,15.0,43.0,190.0,2.1
2008-10-31, 14:00:00,34.280,87.600,10.5,43.0,150.0,2.1
2008-10-31, 14:00:00,34.269,86.858,15.0,43.0,170.0,2.6
2008-10-31, 14:00:00,30.614,88.063,NaN,43.0,30.0,2.6
2008-10-31, 14:00:00,33.566,86.745,12.2,43.0,0.0,0.0
2008-10-31, 14:00:00,34.658,86.943,9.4,43.0,0.0,0.0
2008-10-31, 14:00:00,33.178,86.782,10.6,43.0,40.0,1.5
2008-10-31, 14:00:00,31.419,87.048,10.6,43.0,0.0,0.0
2008-10-31, 14:00:00,34.644,86.786,9.4,43.0,120.0,2.1
2008-10-31, 14:00:00,34.861,86.557,12.0,43.0,0.0,0.0
2008-10-31, 14:00:00,32.300,86.406,10.0,43.0,70.0,2.1
2008-10-31, 14:00:00,30.688,88.246,12.8,43.0,70.0,2.1
2008-10-31, 14:00:00,34.744,87.599,9.4,43.0,110.0,1.5
2008-10-31, 14:00:00,33.220,87.611,10.6,43.0,0.0,0.0
2008-10-31, 14:00:00,36.133,90.917,11.0,43.0,180.0,5.7
2008-10-31, 14:00:00,36.183,94.117,15.0,43.0,170.0,4.1
2008-10-31, 14:00:00,35.133,90.233,11.7,43.0,170.0,3.6
2008-10-31, 14:00:00,36.370,92.472,13.3,43.0,150.0,3.1
2008-10-31, 14:00:00,35.733,91.650,12.0,43.0,190.0,2.1
2008-10-31, 14:00:00,35.967,89.950,13.0,43.0,180.0,2.6
2008-10-31, 14:00:00,33.617,92.767,12.0,43.0,0.0,0.0
2008-10-31, 14:00:00,34.047,94.399,11.7,43.0,0.0,0.0
2008-10-31, 14:00:00,33.221,92.813,10.0,43.0,0.0,0.0
2008-10-31, 14:00:00,36.300,92.583,10.0,43.0,0.0,0.0
2008-10-31, 14:00:00,35.334,94.365,12.2,43.0,50.0,2.6
2008-10-31, 14:00:00,36.010,94.168,15.6,43.0,200.0,5.7
2008-10-31, 14:00:00,35.939,89.832,12.2,43.0,180.0,3.6
2008-10-31, 14:00:00,34.478,93.096,12.8,43.0,80.0,1.5
2008-10-31, 14:00:00,36.262,93.155,15.0,43.0,140.0,2.6
2008-10-31, 14:00:00,35.837,90.643,10.0,43.0,0.0,0.0
2008-10-31, 14:00:00,34.727,92.236,10.0,43.0,160.0,2.6
2008-10-31, 14:00:00,33.638,91.751,10.0,43.0,0.0,0.0
2008-10-31, 14:00:00,34.917,92.150,9.1,43.0,0.0,0.0
2008-10-31, 14:00:00,35.638,91.176,11.1,43.0,180.0,4.6
2008-10-31, 14:00:00,34.100,93.066,8.8,43.0,0.0,0.0
2008-10-31, 14:00:00,34.545,94.202,18.0,43.0,250.0,4.1
2008-10-31, 14:00:00,34.550,93.583,16.7,43.0,NaN,2.1
2008-10-31, 14:00:00,34.175,91.935,10.0,43.0,170.0,2.1
2008-10-31, 14:00:00,36.367,94.100,14.0,43.0,150.0,5.1
2008-10-31, 14:00:00,35.259,93.093,12.2,43.0,0.0,0.0
2008-10-31, 14:00:00,34.600,91.567,11.0,43.0,150.0,3.1
2008-10-31, 14:00:00,36.200,94.483,15.0,43.0,170.0,6.7
2008-10-31, 14:00:00,35.212,91.737,8.8,43.0,0.0,0.0
2008-10-31, 14:00:00,33.456,93.988,12.2,43.0,160.0,1.5
2008-10-31, 14:00:00,36.350,94.217,14.0,43.0,180.0,4.1
2008-10-31, 14:00:00,36.282,94.307,13.3,43.0,170.0,4.6
2008-10-31, 14:00:00,32.950,111.767,17.0,43.0,60.0,2.6
2008-10-31, 14:00:00,33.269,111.811,16.0,43.0,60.0,2.6
2008-10-31, 14:00:00,32.167,110.883,16.0,43.0,140.0,4.1
2008-10-31, 14:00:00,31.469,109.604,8.9,43.0,0.0,0.0
2008-10-31, 14:00:00,33.690,112.066,20.0,43.0,0.0,0.0
2008-10-31, 14:00:00,33.467,111.733,20.0,43.0,50.0,3.6
2008-10-31, 14:00:00,35.140,111.672,2.2,43.0,0.0,0.0
2008-10-31, 14:00:00,32.433,112.683,19.0,43.0,100.0,1.5
2008-10-31, 14:00:00,35.946,112.155,2.8,43.0,0.0,0.0
2008-10-31, 14:00:00,33.527,112.295,18.0,43.0,0.0,0.0
2008-10-31, 14:00:00,33.417,112.383,19.0,43.0,NaN,2.1
2008-10-31, 14:00:00,35.258,113.933,15.6,43.0,160.0,2.1
2008-10-31, 14:00:00,35.028,110.721,6.1,43.0,110.0,3.6
2008-10-31, 14:00:00,33.317,111.650,18.0,43.0,110.0,1.5
2008-10-31, 14:00:00,33.533,112.383,17.9,43.0,0.0,0.0
2008-10-31, 14:00:00,32.624,113.764,21.1,43.0,290.0,1.5
2008-10-31, 14:00:00,31.421,110.846,10.0,43.0,0.0,0.0
2008-10-31, 14:00:00,36.920,111.448,10.6,43.0,0.0,0.0
2008-10-31, 14:00:00,33.434,112.051,20.6,43.0,130.0,2.1
2008-10-31, 14:00:00,34.649,112.422,10.0,43.0,310.0,1.5
2008-10-31, 14:00:00,35.650,109.067,-0.59,43.0,200.0,2.1
2008-10-31, 14:00:00,32.857,109.636,10.0,43.0,0.0,0.0
2008-10-31, 14:00:00,33.623,111.910,19.4,43.0,0.0,0.0
2008-10-31, 14:00:00,34.518,109.379,2.2,43.0,0.0,0.0
2008-10-31, 14:00:00,34.265,110.006,6.0,43.0,0.0,0.0
2008-10-31, 14:00:00,33.619,114.717,21.7,43.0,330.0,2.6
2008-10-31, 14:00:00,34.766,114.623,21.7,43.0,290.0,1.5
2008-10-31, 14:00:00,38.097,106.169,0.01,43.0,320.0,5.7
2008-10-31, 14:00:00,40.054,106.369,-9.0,43.0,0.0,0.0
2008-10-31, 14:00:00,40.450,106.750,6.0,43.0,0.0,0.0
2008-10-31, 14:00:00,39.050,105.514,6.0,43.0,310.0,3.6
2008-10-31, 14:00:00,38.967,104.817,0.81,43.0,350.0,4.1
2008-10-31, 14:00:00,40.174,103.214,9.4,43.0,240.0,6.2
2008-10-31, 14:00:00,37.439,105.861,-7.2,43.0,0.0,0.0
2008-10-31, 14:00:00,39.564,104.848,6.7,43.0,140.0,2.6
2008-10-31, 14:00:00,39.229,106.869,-1.7,43.0,200.0,3.1
2008-10-31, 14:00:00,39.917,105.117,10.0,43.0,NaN,1.5
2008-10-31, 14:00:00,39.710,104.758,7.0,43.0,180.0,4.1
2008-10-31, 14:00:00,40.493,107.524,-5.6,43.0,230.0,1.5
2008-10-31, 14:00:00,39.467,106.150,1.0,43.0,320.0,5.1
2008-10-31, 14:00:00,37.306,108.626,0.01,43.0,60.0,2.6
2008-10-31, 14:00:00,38.816,104.711,3.9,43.0,30.0,2.1
2008-10-31, 14:00:00,39.833,104.658,7.8,43.0,240.0,5.1
2008-10-31, 14:00:00,37.143,107.760,-0.59,43.0,60.0,2.6
2008-10-31, 14:00:00,40.042,107.890,-1.7,43.0,0.0,0.0
2008-10-31, 14:00:00,39.650,106.917,-4.0,43.0,0.0,0.0
2008-10-31, 14:00:00,38.700,104.767,5.0,43.0,350.0,4.1
2008-10-31, 14:00:00,40.450,105.017,4.0,43.0,200.0,1.5
2008-10-31, 14:00:00,39.783,104.550,11.0,43.0,210.0,5.1
2008-10-31, 14:00:00,39.134,108.539,7.2,43.0,120.0,3.6
2008-10-31, 14:00:00,38.533,106.933,-7.0,43.0,0.0,0.0
2008-10-31, 14:00:00,40.433,104.633,-3.0,43.0,0.0,0.0
2008-10-31, 14:00:00,40.483,107.217,2.0,43.0,110.0,6.2
2008-10-31, 14:00:00,39.242,102.283,4.4,43.0,260.0,3.1
2008-10-31, 14:00:00,38.072,102.687,2.2,43.0,250.0,3.1
2008-10-31, 14:00:00,38.049,103.512,5.0,43.0,260.0,5.1
2008-10-31, 14:00:00,39.273,103.667,-0.59,43.0,350.0,3.1
2008-10-31, 14:00:00,39.228,106.316,-3.9,43.0,90.0,2.1
2008-10-31, 14:00:00,38.505,107.897,1.7,43.0,170.0,2.6
2008-10-31, 14:00:00,38.484,106.317,2.0,43.0,270.0,8.8
2008-10-31, 14:00:00,38.290,104.498,0.01,43.0,0.0,0.0
2008-10-31, 14:00:00,37.283,102.617,5.6,43.0,290.0,3.1
2008-10-31, 14:00:00,37.267,104.433,6.7,43.0,270.0,6.2
2008-10-31, 14:00:00,37.954,107.909,3.0,43.0,130.0,2.1
2008-10-31, 14:00:00,37.501,105.167,7.0,43.0,250.0,1.5
2008-10-31, 14:00:00,30.772,86.520,11.1,43.0,0.0,0.0
2008-10-31, 14:00:00,30.393,86.467,13.9,43.0,80.0,4.1
2008-10-31, 14:00:00,30.417,86.683,13.9,43.0,80.0,4.1
2008-10-31, 14:00:00,30.697,87.020,13.9,43.0,70.0,3.6
2008-10-31, 14:00:00,30.356,87.323,14.4,43.0,60.0,3.6
2008-10-31, 14:00:00,30.724,87.022,12.2,43.0,80.0,4.1
2008-10-31, 14:00:00,30.478,87.187,13.3,43.0,60.0,1.5
2008-10-31, 14:00:00,30.483,86.517,13.4,43.0,70.0,4.6
2008-10-31, 14:00:00,41.701,94.920,6.0,43.0,0.0,0.0
2008-10-31, 14:00:00,42.554,92.401,6.7,43.0,0.0,0.0
2008-10-31, 14:00:00,41.990,93.619,7.2,43.0,0.0,0.0
2008-10-31, 14:00:00,41.283,91.667,12.0,43.0,180.0,2.1
2008-10-31, 14:00:00,43.083,94.267,8.0,43.0,10.0,2.1
2008-10-31, 14:00:00,42.050,93.850,10.0,43.0,170.0,1.5
2008-10-31, 14:00:00,40.773,91.125,13.3,43.0,190.0,3.6
2008-10-31, 14:00:00,42.750,93.767,7.0,43.0,0.0,0.0
2008-10-31, 14:00:00,41.267,95.767,8.0,43.0,330.0,2.1
2008-10-31, 14:00:00,43.067,92.617,7.0,43.0,0.0,0.0
2008-10-31, 14:00:00,41.884,91.710,9.4,43.0,150.0,1.5
2008-10-31, 14:00:00,42.050,94.783,8.0,43.0,0.0,0.0
2008-10-31, 14:00:00,42.732,95.556,5.0,43.0,30.0,1.5
2008-10-31, 14:00:00,41.033,93.367,13.0,43.0,190.0,3.1
2008-10-31, 14:00:00,41.017,94.367,10.0,43.0,140.0,2.6
2008-10-31, 14:00:00,42.398,90.704,8.9,43.0,210.0,2.1
2008-10-31, 14:00:00,43.283,91.733,10.0,43.0,0.0,0.0
2008-10-31, 14:00:00,41.983,95.383,6.0,43.0,0.0,0.0
2008-10-31, 14:00:00,41.538,93.666,12.2,43.0,160.0,3.1
2008-10-31, 14:00:00,41.614,90.591,12.2,43.0,200.0,3.1
2008-10-31, 14:00:00,40.467,91.433,15.0,43.0,200.0,5.1
2008-10-31, 14:00:00,43.401,94.747,5.6,43.0,340.0,3.6
2008-10-31, 14:00:00,41.050,91.983,13.0,43.0,190.0,2.6
2008-10-31, 14:00:00,42.550,94.183,7.0,43.0,360.0,1.5
2008-10-31, 14:00:00,40.667,91.333,13.0,43.0,190.0,3.6
2008-10-31, 14:00:00,41.584,95.340,6.0,43.0,0.0,0.0
2008-10-31, 14:00:00,40.717,95.033,8.0,43.0,0.0,0.0
2008-10-31, 14:00:00,41.633,91.543,8.3,43.0,0.0,0.0
2008-10-31, 14:00:00,42.778,96.194,2.0,43.0,0.0,0.0
2008-10-31, 14:00:00,40.630,93.901,11.7,43.0,160.0,2.6
2008-10-31, 14:00:00,43.158,93.331,6.1,43.0,0.0,0.0
2008-10-31, 14:00:00,42.110,92.916,7.8,43.0,160.0,2.1
2008-10-31, 14:00:00,40.947,91.511,14.0,43.0,190.0,3.1
2008-10-31, 14:00:00,41.367,91.150,9.0,43.0,0.0,0.0
2008-10-31, 14:00:00,42.233,91.167,8.0,43.0,0.0,0.0
2008-10-31, 14:00:00,42.681,91.974,8.0,43.0,150.0,1.5
2008-10-31, 14:00:00,41.226,92.494,12.0,43.0,170.0,2.1
2008-10-31, 14:00:00,42.983,96.067,8.0,43.0,10.0,2.6
2008-10-31, 14:00:00,41.107,92.448,12.2,43.0,190.0,2.6
2008-10-31, 14:00:00,41.300,93.117,13.0,43.0,190.0,3.6
2008-10-31, 14:00:00,41.400,92.933,13.0,43.0,170.0,1.5
2008-10-31, 14:00:00,41.017,95.267,7.0,43.0,0.0,0.0
2008-10-31, 14:00:00,40.750,95.417,7.0,43.0,0.0,0.0
2008-10-31, 14:00:00,43.217,95.833,5.0,43.0,350.0,2.1
2008-10-31, 14:00:00,42.600,95.233,9.0,43.0,20.0,4.1
2008-10-31, 14:00:00,43.166,95.203,6.7,43.0,360.0,4.1
2008-10-31, 14:00:00,42.402,96.384,6.7,43.0,330.0,4.6
2008-10-31, 14:00:00,41.683,93.017,12.0,43.0,0.0,0.0
2008-10-31, 14:00:00,42.219,92.026,9.0,43.0,0.0,0.0
2008-10-31, 14:00:00,42.542,113.771,8.3,43.0,170.0,3.1
2008-10-31, 14:00:00,43.521,112.066,2.2,43.0,20.0,2.6
2008-10-31, 14:00:00,42.727,114.457,9.4,43.0,40.0,5.1
2008-10-31, 14:00:00,44.523,114.215,0.01,43.0,0.0,0.0
2008-10-31, 14:00:00,42.920,112.571,7.8,43.0,360.0,5.1
2008-10-31, 14:00:00,43.832,111.806,1.7,43.0,0.0,0.0
2008-10-31, 14:00:00,43.500,114.300,7.0,43.0,300.0,3.1
2008-10-31, 14:00:00,42.479,114.476,17.2,43.0,170.0,8.2
2008-10-31, 14:00:00,39.070,88.533,10.0,43.0,160.0,2.6
2008-10-31, 14:00:00,39.162,89.674,11.0,43.0,160.0,4.6
2008-10-31, 14:00:00,40.159,89.335,10.0,43.0,170.0,2.6
2008-10-31, 14:00:00,38.606,87.727,10.0,43.0,170.0,2.1
2008-10-31, 14:00:00,38.900,90.050,11.0,43.0,130.0,2.6
2008-10-31, 14:00:00,41.770,88.481,7.8,43.0,160.0,1.5
2008-10-31, 14:00:00,38.550,89.850,10.6,43.0,160.0,2.1
2008-10-31, 14:00:00,40.477,88.916,10.5,43.0,200.0,5.7
2008-10-31, 14:00:00,41.425,88.419,10.0,43.0,210.0,3.1
2008-10-31, 14:00:00,41.019,89.386,12.0,43.0,200.0,3.1
2008-10-31, 14:00:00,37.064,89.219,11.0,43.0,170.0,3.6
2008-10-31, 14:00:00,40.032,88.273,10.0,43.0,190.0,4.1
2008-10-31, 14:00:00,38.571,90.156,11.7,43.0,150.0,3.1
2008-10-31, 14:00:00,38.089,88.123,9.0,43.0,170.0,3.6
2008-10-31, 14:00:00,39.834,88.866,10.6,43.0,190.0,3.6
2008-10-31, 14:00:00,41.932,88.708,8.0,43.0,190.0,4.1
2008-10-31, 14:00:00,40.199,87.596,12.0,43.0,200.0,2.6
2008-10-31, 14:00:00,41.896,88.251,10.0,43.0,170.0,3.6
2008-10-31, 14:00:00,38.515,89.092,11.0,43.0,160.0,3.1
2008-10-31, 14:00:00,42.246,89.582,11.0,43.0,210.0,5.7
2008-10-31, 14:00:00,38.665,88.453,11.0,43.0,170.0,3.1
2008-10-31, 14:00:00,38.379,88.413,11.0,43.0,180.0,3.1
2008-10-31, 14:00:00,40.938,90.431,11.0,43.0,170.0,4.1
2008-10-31, 14:00:00,37.811,88.549,11.0,43.0,130.0,1.5
2008-10-31, 14:00:00,41.540,87.532,11.0,43.0,210.0,4.6
2008-10-31, 14:00:00,39.774,90.239,12.0,43.0,180.0,4.1
2008-10-31, 14:00:00,41.071,87.846,9.0,43.0,200.0,3.6
2008-10-31, 14:00:00,41.518,88.175,10.0,43.0,190.0,1.5
2008-10-31, 14:00:00,41.608,88.094,9.0,43.0,0.0,0.0
2008-10-31, 14:00:00,38.760,87.599,10.0,43.0,190.0,3.1
2008-10-31, 14:00:00,37.186,88.750,NaN,43.0,NaN,NaN
2008-10-31, 14:00:00,37.783,89.245,13.3,43.0,170.0,2.1
2008-10-31, 14:00:00,41.784,87.755,11.1,43.0,220.0,3.1
2008-10-31, 14:00:00,41.451,90.515,12.2,43.0,190.0,1.5
2008-10-31, 14:00:00,40.520,90.652,15.0,43.0,200.0,4.1
2008-10-31, 14:00:00,39.478,88.279,10.0,43.0,180.0,5.1
2008-10-31, 14:00:00,38.317,88.867,12.0,43.0,200.0,4.1
2008-10-31, 14:00:00,37.750,89.001,13.0,43.0,180.0,5.1
2008-10-31, 14:00:00,38.722,88.176,12.0,43.0,170.0,3.6
2008-10-31, 14:00:00,41.980,87.904,11.1,43.0,230.0,3.6
2008-10-31, 14:00:00,40.667,89.684,10.0,43.0,190.0,3.6
2008-10-31, 14:00:00,40.924,88.625,12.0,43.0,180.0,2.6
2008-10-31, 14:00:00,39.639,90.778,12.0,43.0,0.0,0.0
2008-10-31, 14:00:00,39.700,87.670,11.0,43.0,200.0,4.6
2008-10-31, 14:00:00,42.121,87.905,11.7,43.0,200.0,4.6
2008-10-31, 14:00:00,42.193,89.093,9.4,43.0,180.0,3.1
2008-10-31, 14:00:00,41.893,89.078,7.0,43.0,190.0,2.6
2008-10-31, 14:00:00,39.016,87.650,11.0,43.0,190.0,4.1
2008-10-31, 14:00:00,38.149,89.699,12.0,43.0,180.0,4.6
2008-10-31, 14:00:00,42.046,90.108,9.0,43.0,160.0,2.6
2008-10-31, 14:00:00,38.643,88.964,11.0,43.0,170.0,1.5
2008-10-31, 14:00:00,39.845,89.684,12.2,43.0,180.0,3.1
2008-10-31, 14:00:00,41.750,89.667,10.0,43.0,0.0,0.0
2008-10-31, 14:00:00,39.534,89.328,12.0,43.0,170.0,5.1
2008-10-31, 14:00:00,40.294,88.142,10.0,43.0,0.0,0.0
2008-10-31, 14:00:00,42.417,87.867,11.1,43.0,220.0,5.1
2008-10-31, 14:00:00,39.942,91.194,14.4,43.0,190.0,3.6
2008-10-31, 14:00:00,41.352,89.153,11.0,43.0,180.0,2.1
2008-10-31, 14:00:00,39.143,86.617,10.6,43.0,180.0,2.1
2008-10-31, 14:00:00,38.043,87.520,9.4,43.0,0.0,0.0
2008-10-31, 14:00:00,41.617,87.417,12.0,43.0,200.0,5.1
2008-10-31, 14:00:00,38.250,86.950,10.0,43.0,160.0,3.1
2008-10-31, 14:00:00,39.442,87.325,11.7,43.0,190.0,3.6
2008-10-31, 14:00:00,40.412,86.948,11.1,43.0,230.0,2.6
2008-10-31, 14:00:00,41.453,86.998,10.0,43.0,210.0,5.1
2008-10-31, 14:00:00,37.750,97.219,11.1,43.0,310.0,4.1
2008-10-31, 14:00:00,37.091,95.566,14.4,43.0,200.0,6.2
2008-10-31, 14:00:00,39.551,97.650,8.3,43.0,290.0,4.1
2008-10-31, 14:00:00,37.670,95.484,13.3,43.0,200.0,4.6
2008-10-31, 14:00:00,37.773,99.970,8.3,43.0,320.0,3.1
2008-10-31, 14:00:00,37.000,101.883,8.9,43.0,290.0,3.6
2008-10-31, 14:00:00,38.329,96.194,10.6,43.0,280.0,2.6
2008-10-31, 14:00:00,38.050,97.283,9.0,43.0,310.0,3.6
2008-10-31, 14:00:00,38.941,95.650,10.6,43.0,210.0,2.1
2008-10-31, 14:00:00,39.056,96.764,9.3,43.0,230.0,3.1
2008-10-31, 14:00:00,38.350,98.867,8.0,43.0,310.0,2.6
2008-10-31, 14:00:00,37.928,100.724,6.7,43.0,330.0,3.6
2008-10-31, 14:00:00,39.368,101.693,1.7,43.0,310.0,2.1
2008-10-31, 14:00:00,39.375,99.830,6.7,43.0,280.0,4.1
2008-10-31, 14:00:00,38.068,97.860,7.2,43.0,310.0,2.6
2008-10-31, 14:00:00,38.850,99.267,8.0,43.0,330.0,3.1
2008-10-31, 14:00:00,37.617,97.267,10.8,43.0,350.0,4.1
2008-10-31, 14:00:00,37.647,97.429,10.0,43.0,330.0,4.1
2008-10-31, 14:00:00,38.824,94.887,12.8,43.0,160.0,3.1
2008-10-31, 14:00:00,37.050,100.967,7.0,43.0,320.0,4.1
2008-10-31, 14:00:00,39.008,95.212,11.7,43.0,130.0,1.5
2008-10-31, 14:00:00,39.135,96.678,9.4,43.0,NaN,1.5
2008-10-31, 14:00:00,38.850,94.739,12.2,43.0,160.0,3.1
2008-10-31, 14:00:00,37.284,98.553,8.9,43.0,310.0,2.1
2008-10-31, 14:00:00,37.328,95.504,14.4,43.0,200.0,4.1
2008-10-31, 14:00:00,37.700,98.750,7.0,43.0,330.0,3.6
2008-10-31, 14:00:00,38.873,98.813,8.9,43.0,330.0,4.6
2008-10-31, 14:00:00,38.780,97.644,8.9,43.0,320.0,4.6
2008-10-31, 14:00:00,39.072,95.626,11.1,43.0,0.0,0.0
2008-10-31, 14:00:00,37.168,97.037,10.6,43.0,0.0,0.0
2008-10-31, 14:00:00,36.964,86.419,7.2,43.0,0.0,0.0
2008-10-31, 14:00:00,37.817,87.683,11.0,43.0,180.0,3.6
2008-10-31, 14:00:00,36.667,87.500,9.1,43.0,0.0,0.0
2008-10-31, 14:00:00,37.740,87.167,9.4,43.0,170.0,3.6
2008-10-31, 14:00:00,37.056,88.774,12.2,43.0,200.0,2.1
2008-10-31, 14:00:00,30.750,92.689,14.0,43.0,90.0,1.5
2008-10-31, 14:00:00,31.335,92.559,10.0,43.0,0.0,0.0
2008-10-31, 14:00:00,31.667,93.450,12.8,43.0,0.0,0.0
2008-10-31, 14:00:00,30.029,91.884,13.3,43.0,100.0,3.1
2008-10-31, 14:00:00,30.343,89.822,12.2,43.0,40.0,2.1
2008-10-31, 14:00:00,32.500,93.667,9.8,43.0,0.0,0.0
2008-10-31, 14:00:00,30.537,91.147,11.7,43.0,60.0,2.1
2008-10-31, 14:00:00,29.333,89.400,18.3,43.0,10.0,3.1
2008-10-31, 14:00:00,30.217,93.150,12.0,43.0,0.0,0.0
2008-10-31, 14:00:00,31.167,93.000,12.8,43.0,0.0,0.0
2008-10-31, 14:00:00,30.832,93.340,16.0,43.0,0.0,0.0
2008-10-31, 14:00:00,32.542,93.745,11.1,43.0,140.0,1.5
2008-10-31, 14:00:00,31.395,92.290,8.9,43.0,0.0,0.0
2008-10-31, 14:00:00,30.521,90.418,14.0,43.0,NaN,NaN
2008-10-31, 14:00:00,29.567,90.667,14.0,43.0,0.0,0.0
2008-10-31, 14:00:00,31.736,93.099,10.0,43.0,0.0,0.0
2008-10-31, 14:00:00,30.126,93.223,13.9,43.0,80.0,2.6
2008-10-31, 14:00:00,30.202,91.993,11.7,43.0,0.0,0.0
2008-10-31, 14:00:00,32.512,92.031,9.4,43.0,0.0,0.0
2008-10-31, 14:00:00,29.993,90.251,16.7,43.0,50.0,4.6
2008-10-31, 14:00:00,29.825,90.035,15.0,43.0,40.0,2.6
2008-10-31, 14:00:00,30.049,90.029,16.1,43.0,50.0,5.7
2008-10-31, 14:00:00,29.562,91.526,15.0,43.0,70.0,2.1
2008-10-31, 14:00:00,31.050,93.194,12.2,43.0,0.0,0.0
2008-10-31, 14:00:00,29.717,91.333,14.0,43.0,60.0,2.6
2008-10-31, 14:00:00,32.514,92.588,14.0,43.0,210.0,2.6
2008-10-31, 14:00:00,32.447,93.824,10.6,43.0,110.0,1.5
2008-10-31, 14:00:00,32.348,91.030,11.1,43.0,130.0,1.5
2008-10-31, 14:00:00,42.129,86.428,10.6,43.0,200.0,4.1
2008-10-31, 14:00:00,47.168,88.489,7.8,43.0,330.0,6.2
2008-10-31, 14:00:00,45.750,87.033,9.0,43.0,310.0,3.6
2008-10-31, 14:00:00,45.814,88.109,10.0,43.0,320.0,4.1
2008-10-31, 14:00:00,46.533,90.133,7.0,43.0,340.0,2.6
2008-10-31, 14:00:00,43.967,86.400,12.0,43.0,220.0,4.1
2008-10-31, 14:00:00,45.133,87.633,9.0,43.0,280.0,2.6
2008-10-31, 14:00:00,46.412,86.651,10.0,43.0,330.0,5.7
2008-10-31, 14:00:00,46.354,87.395,9.0,43.0,10.0,5.7
2008-10-31, 14:00:00,44.073,93.553,4.0,43.0,20.0,2.6
2008-10-31, 14:00:00,46.450,95.211,1.0,43.0,350.0,1.5
2008-10-31, 14:00:00,43.683,93.367,5.0,43.0,330.0,1.5
2008-10-31, 14:00:00,46.550,93.683,1.0,43.0,0.0,0.0
2008-10-31, 14:00:00,45.150,93.217,7.0,43.0,360.0,3.1
2008-10-31, 14:00:00,45.228,96.004,1.0,43.0,340.0,2.1
2008-10-31, 14:00:00,43.667,92.933,6.0,43.0,0.0,0.0
2008-10-31, 14:00:00,45.869,95.394,6.1,43.0,30.0,4.1
2008-10-31, 14:00:00,45.317,95.650,0.01,43.0,10.0,2.6
2008-10-31, 14:00:00,47.200,91.400,7.0,43.0,0.0,0.0
2008-10-31, 14:00:00,46.405,94.131,4.4,43.0,20.0,1.5
2008-10-31, 14:00:00,45.567,93.267,7.0,43.0,0.0,0.0
2008-10-31, 14:00:00,45.159,93.843,7.4,43.0,350.0,3.1
2008-10-31, 14:00:00,46.700,92.500,4.0,43.0,340.0,4.6
2008-10-31, 14:00:00,46.843,92.226,4.4,43.0,350.0,4.1
2008-10-31, 14:00:00,46.833,95.883,2.0,43.0,320.0,1.5
2008-10-31, 14:00:00,43.987,95.782,6.0,43.0,360.0,3.6
2008-10-31, 14:00:00,44.986,96.178,3.0,43.0,330.0,3.6
2008-10-31, 14:00:00,46.722,92.043,8.0,43.0,10.0,4.6
2008-10-31, 14:00:00,45.767,96.533,3.0,43.0,290.0,1.5
2008-10-31, 14:00:00,44.333,93.317,7.0,43.0,0.0,0.0
2008-10-31, 14:00:00,44.832,93.470,9.4,43.0,20.0,4.6
2008-10-31, 14:00:00,46.283,96.150,2.0,43.0,360.0,1.5
2008-10-31, 14:00:00,43.677,92.180,8.1,43.0,0.0,0.0
2008-10-31, 14:00:00,43.650,94.417,6.0,43.0,350.0,3.6
2008-10-31, 14:00:00,44.753,95.556,3.3,43.0,310.0,2.6
2008-10-31, 14:00:00,45.650,95.317,6.0,43.0,30.0,4.1
2008-10-31, 14:00:00,47.217,93.517,3.0,43.0,340.0,1.5
2008-10-31, 14:00:00,44.756,94.081,7.7,43.0,360.0,3.1
2008-10-31, 14:00:00,44.867,94.383,9.0,43.0,10.0,6.2
2008-10-31, 14:00:00,47.387,92.839,4.4,43.0,350.0,2.1
2008-10-31, 14:00:00,46.619,93.310,3.0,43.0,340.0,2.6
2008-10-31, 14:00:00,46.839,96.663,0.01,43.0,10.0,1.5
2008-10-31, 14:00:00,45.886,93.272,7.0,43.0,360.0,2.1
2008-10-31, 14:00:00,43.986,94.558,5.0,43.0,310.0,1.5
2008-10-31, 14:00:00,45.097,94.507,6.0,43.0,10.0,2.1
2008-10-31, 14:00:00,44.628,93.228,8.0,43.0,350.0,4.1
2008-10-31, 14:00:00,45.950,94.350,5.0,43.0,0.0,0.0
2008-10-31, 14:00:00,43.621,96.216,6.0,43.0,30.0,3.1
2008-10-31, 14:00:00,45.236,93.986,6.0,43.0,360.0,3.1
2008-10-31, 14:00:00,45.062,93.351,7.8,43.0,350.0,3.6
2008-10-31, 14:00:00,43.650,94.983,5.0,43.0,350.0,2.1
2008-10-31, 14:00:00,44.217,93.917,7.0,43.0,20.0,3.6
2008-10-31, 14:00:00,44.450,95.817,4.0,43.0,320.0,4.6
2008-10-31, 14:00:00,45.567,95.967,1.0,43.0,330.0,3.1
2008-10-31, 14:00:00,44.883,93.229,8.9,43.0,360.0,3.6
2008-10-31, 14:00:00,44.967,95.717,3.0,43.0,340.0,2.6
2008-10-31, 14:00:00,43.913,95.109,5.0,43.0,360.0,3.6
2008-10-31, 14:00:00,46.417,92.800,5.0,43.0,0.0,0.0
2008-10-31, 14:00:00,44.083,91.700,6.0,43.0,0.0,0.0
2008-10-31, 14:00:00,43.650,95.583,5.0,43.0,340.0,6.2
2008-10-31, 14:00:00,44.779,95.033,5.5,43.0,10.0,3.1
2008-10-31, 14:00:00,44.117,93.250,4.0,43.0,0.0,0.0
2008-10-31, 14:00:00,45.372,94.746,5.0,43.0,20.0,3.1
2008-10-31, 14:00:00,46.900,95.068,1.7,43.0,360.0,2.1
2008-10-31, 14:00:00,45.550,93.600,4.0,43.0,0.0,0.0
2008-10-31, 14:00:00,43.983,96.317,6.0,43.0,40.0,1.5
2008-10-31, 14:00:00,46.725,94.384,-0.99,43.0,0.0,0.0
2008-10-31, 14:00:00,44.590,92.486,6.0,43.0,250.0,1.5
2008-10-31, 14:00:00,45.698,92.953,5.0,43.0,360.0,2.6
2008-10-31, 14:00:00,43.904,92.492,8.3,43.0,300.0,2.1
2008-10-31, 14:00:00,44.547,95.082,5.6,43.0,330.0,4.1
2008-10-31, 14:00:00,46.381,94.807,2.0,43.0,0.0,0.0
2008-10-31, 14:00:00,44.857,93.033,8.0,43.0,360.0,3.1
2008-10-31, 14:00:00,45.546,94.060,2.2,43.0,0.0,0.0
2008-10-31, 14:00:00,44.930,93.048,9.4,43.0,350.0,3.1
2008-10-31, 14:00:00,44.475,93.016,4.3,43.0,0.0,0.0
2008-10-31, 14:00:00,44.249,95.607,4.3,43.0,0.0,0.0
2008-10-31, 14:00:00,44.018,92.831,8.0,43.0,360.0,2.1
2008-10-31, 14:00:00,47.050,91.750,6.0,43.0,0.0,0.0
2008-10-31, 14:00:00,44.317,94.500,7.0,43.0,20.0,3.6
2008-10-31, 14:00:00,45.306,96.424,3.0,43.0,340.0,4.1
2008-10-31, 14:00:00,46.990,94.204,3.0,43.0,0.0,0.0
2008-10-31, 14:00:00,38.100,92.550,13.0,43.0,190.0,3.6
2008-10-31, 14:00:00,39.817,93.583,15.0,43.0,160.0,1.5
2008-10-31, 14:00:00,37.226,89.578,12.2,43.0,190.0,3.1
2008-10-31, 14:00:00,38.817,92.218,13.3,43.0,180.0,4.6
2008-10-31, 14:00:00,38.712,93.174,13.9,43.0,180.0,5.1
2008-10-31, 14:00:00,37.767,90.433,11.0,43.0,200.0,1.5
2008-10-31, 14:00:00,40.097,92.543,13.3,43.0,200.0,2.1
2008-10-31, 14:00:00,38.594,92.156,14.4,43.0,110.0,2.6
2008-10-31, 14:00:00,37.156,94.500,16.1,43.0,190.0,5.7
2008-10-31, 14:00:00,38.960,94.372,13.3,43.0,150.0,3.6
2008-10-31, 14:00:00,39.297,94.730,13.3,43.0,170.0,3.1
2008-10-31, 14:00:00,39.121,94.597,14.4,43.0,170.0,3.6
2008-10-31, 14:00:00,36.770,90.322,9.4,43.0,0.0,0.0
2008-10-31, 14:00:00,38.930,90.432,10.6,43.0,90.0,3.1
2008-10-31, 14:00:00,37.240,93.390,13.3,43.0,160.0,6.7
2008-10-31, 14:00:00,39.768,94.909,10.6,43.0,0.0,0.0
2008-10-31, 14:00:00,38.752,90.374,13.9,43.0,170.0,2.6
2008-10-31, 14:00:00,38.657,90.656,13.9,43.0,0.0,0.0
2008-10-31, 14:00:00,38.733,93.550,13.9,43.0,190.0,6.7
2008-10-31, 14:00:00,37.733,92.133,12.6,43.0,150.0,4.6
2008-10-31, 14:00:00,36.879,91.905,11.1,43.0,160.0,2.6
2008-10-31, 14:00:00,38.132,91.765,13.9,43.0,180.0,6.2
2008-10-31, 14:00:00,30.417,88.917,11.9,43.0,20.0,2.6
2008-10-31, 14:00:00,33.650,88.450,7.8,43.0,0.0,0.0
2008-10-31, 14:00:00,33.483,90.986,11.1,43.0,140.0,3.6
2008-10-31, 14:00:00,30.412,89.081,12.2,43.0,10.0,3.1
2008-10-31, 14:00:00,33.450,88.583,8.0,43.0,130.0,1.5
2008-10-31, 14:00:00,33.492,90.084,11.7,43.0,0.0,0.0
2008-10-31, 14:00:00,31.265,89.253,8.3,43.0,0.0,0.0
2008-10-31, 14:00:00,31.617,91.300,9.0,43.0,0.0,0.0
2008-10-31, 14:00:00,32.335,90.222,10.6,43.0,0.0,0.0
2008-10-31, 14:00:00,32.320,90.077,10.0,43.0,0.0,0.0
2008-10-31, 14:00:00,31.178,90.472,12.2,43.0,0.0,0.0
2008-10-31, 14:00:00,32.338,88.748,7.8,43.0,0.0,0.0
2008-10-31, 14:00:00,32.552,88.555,8.3,43.0,0.0,0.0
2008-10-31, 14:00:00,34.979,89.787,11.0,43.0,180.0,3.6
2008-10-31, 14:00:00,31.467,89.333,9.0,43.0,0.0,0.0
2008-10-31, 14:00:00,30.464,88.532,12.8,43.0,50.0,2.1
2008-10-31, 14:00:00,34.268,88.770,8.9,43.0,0.0,0.0
2008-10-31, 14:00:00,34.384,89.536,11.0,43.0,0.0,0.0
2008-10-31, 14:00:00,34.681,90.346,11.0,43.0,180.0,2.1
2008-10-31, 14:00:00,46.348,104.257,3.3,43.0,130.0,6.7
2008-10-31, 14:00:00,45.807,108.542,5.6,43.0,230.0,6.2
2008-10-31, 14:00:00,45.955,112.497,-0.59,43.0,170.0,2.6
2008-10-31, 14:00:00,45.788,111.161,0.01,43.0,0.0,0.0
2008-10-31, 14:00:00,45.257,112.554,2.8,43.0,0.0,0.0
2008-10-31, 14:00:00,47.133,104.800,1.0,43.0,0.0,0.0
2008-10-31, 14:00:00,46.606,111.964,2.2,43.0,0.0,0.0
2008-10-31, 14:00:00,47.326,106.948,-2.8,43.0,0.0,0.0
2008-10-31, 14:00:00,45.699,110.448,1.1,43.0,300.0,2.1
2008-10-31, 14:00:00,47.049,109.466,3.3,43.0,140.0,3.6
2008-10-31, 14:00:00,46.428,105.886,2.2,43.0,50.0,2.1
2008-10-31, 14:00:00,46.921,114.092,0.61,43.0,0.0,0.0
2008-10-31, 14:00:00,46.782,100.757,-2.8,43.0,0.0,0.0
2008-10-31, 14:00:00,46.187,103.428,1.0,43.0,130.0,2.6
2008-10-31, 14:00:00,46.244,96.607,2.0,43.0,350.0,2.6
2008-10-31, 14:00:00,46.797,102.802,-0.59,43.0,140.0,2.6
2008-10-31, 14:00:00,46.925,96.811,0.01,43.0,340.0,1.5
2008-10-31, 14:00:00,46.010,102.650,-5.0,43.0,0.0,0.0
2008-10-31, 14:00:00,46.930,98.678,-1.7,43.0,340.0,2.1
2008-10-31, 14:00:00,40.600,95.850,9.0,43.0,10.0,3.6
2008-10-31, 14:00:00,42.057,102.800,-3.9,43.0,280.0,3.6
2008-10-31, 14:00:00,42.583,100.000,2.0,43.0,290.0,4.1
2008-10-31, 14:00:00,40.894,97.994,7.0,43.0,320.0,4.6
2008-10-31, 14:00:00,41.433,99.650,5.0,43.0,0.0,0.0
2008-10-31, 14:00:00,41.867,103.586,-2.2,43.0,330.0,2.1
2008-10-31, 14:00:00,40.300,96.750,7.0,43.0,290.0,2.1
2008-10-31, 14:00:00,41.728,98.056,5.0,43.0,310.0,6.2
2008-10-31, 14:00:00,42.838,103.095,-2.2,43.0,0.0,0.0
2008-10-31, 14:00:00,40.733,99.000,5.0,43.0,310.0,4.6
2008-10-31, 14:00:00,41.450,96.517,5.0,43.0,300.0,2.1
2008-10-31, 14:00:00,40.079,95.592,8.3,43.0,0.0,0.0
2008-10-31, 14:00:00,40.958,98.312,5.0,43.0,290.0,2.6
2008-10-31, 14:00:00,40.450,99.333,6.0,43.0,320.0,2.6
2008-10-31, 14:00:00,40.152,97.587,7.0,43.0,300.0,2.6
2008-10-31, 14:00:00,40.600,98.426,7.2,43.0,310.0,2.6
2008-10-31, 14:00:00,41.183,103.667,2.0,43.0,260.0,5.1
2008-10-31, 14:00:00,40.517,101.617,3.3,43.0,280.0,1.5
2008-10-31, 14:00:00,40.897,97.623,7.0,43.0,340.0,2.6
2008-10-31, 14:00:00,41.122,100.668,0.01,43.0,320.0,2.1
2008-10-31, 14:00:00,42.242,96.981,5.0,43.0,330.0,2.1
2008-10-31, 14:00:00,40.831,96.764,6.7,43.0,350.0,2.1
2008-10-31, 14:00:00,40.791,99.777,3.0,43.0,290.0,2.6
2008-10-31, 14:00:00,40.203,100.588,3.3,43.0,250.0,3.1
2008-10-31, 14:00:00,41.196,96.112,7.0,43.0,0.0,0.0
2008-10-31, 14:00:00,41.624,98.952,3.3,43.0,350.0,1.5
2008-10-31, 14:00:00,41.117,95.900,7.5,43.0,0.0,0.0
2008-10-31, 14:00:00,41.980,97.437,6.1,43.0,280.0,4.1
2008-10-31, 14:00:00,41.120,101.769,0.01,43.0,270.0,1.5
2008-10-31, 14:00:00,41.450,97.333,8.0,43.0,330.0,4.6
2008-10-31, 14:00:00,41.310,95.899,7.2,43.0,10.0,2.1
2008-10-31, 14:00:00,42.467,98.683,3.0,43.0,320.0,3.1
2008-10-31, 14:00:00,40.950,95.918,7.0,43.0,310.0,2.6
2008-10-31, 14:00:00,41.099,102.986,0.01,43.0,300.0,3.6
2008-10-31, 14:00:00,41.962,100.569,2.0,43.0,290.0,1.5
2008-10-31, 14:00:00,41.767,96.178,5.0,43.0,0.0,0.0
2008-10-31, 14:00:00,42.859,100.551,0.01,43.0,260.0,1.5
2008-10-31, 14:00:00,34.983,106.050,2.0,43.0,0.0,0.0
2008-10-31, 14:00:00,35.042,106.615,7.8,43.0,0.0,0.0
2008-10-31, 14:00:00,35.145,106.795,5.0,43.0,30.0,1.5
2008-10-31, 14:00:00,32.833,105.983,7.0,43.0,110.0,2.1
2008-10-31, 14:00:00,32.852,104.467,7.0,43.0,330.0,2.6
2008-10-31, 14:00:00,36.448,103.153,12.2,43.0,330.0,3.6
2008-10-31, 14:00:00,32.338,104.263,7.8,43.0,270.0,1.5
2008-10-31, 14:00:00,35.000,105.667,7.8,43.0,310.0,3.6
2008-10-31, 14:00:00,34.433,103.083,7.0,43.0,290.0,4.1
2008-10-31, 14:00:00,34.383,103.317,9.2,43.0,310.0,4.6
2008-10-31, 14:00:00,32.262,107.720,4.4,43.0,290.0,1.5
2008-10-31, 14:00:00,36.744,108.229,3.9,43.0,90.0,3.6
2008-10-31, 14:00:00,35.165,107.902,-2.2,43.0,320.0,2.6
2008-10-31, 14:00:00,35.511,108.789,0.01,43.0,80.0,1.5
2008-10-31, 14:00:00,32.850,106.100,6.0,43.0,170.0,1.5
2008-10-31, 14:00:00,35.880,106.269,10.0,43.0,10.0,3.1
2008-10-31, 14:00:00,32.289,106.922,6.0,43.0,0.0,0.0
2008-10-31, 14:00:00,35.654,105.142,5.0,43.0,10.0,4.6
2008-10-31, 14:00:00,33.308,104.508,8.3,43.0,330.0,2.6
2008-10-31, 14:00:00,36.742,104.658,3.3,43.0,60.0,1.5
2008-10-31, 14:00:00,35.610,106.095,5.6,43.0,10.0,7.2
2008-10-31, 14:00:00,36.450,105.667,-2.0,43.0,350.0,3.1
2008-10-31, 14:00:00,33.467,105.533,10.0,43.0,240.0,2.6
2008-10-31, 14:00:00,32.633,108.150,7.0,43.0,350.0,3.6
2008-10-31, 14:00:00,35.183,103.603,8.3,43.0,320.0,3.1
2008-10-31, 14:00:00,33.237,107.268,10.0,43.0,300.0,2.1
2008-10-31, 14:00:00,34.147,97.122,18.0,43.0,200.0,2.6
2008-10-31, 14:00:00,33.909,94.859,11.0,43.0,100.0,3.1
2008-10-31, 14:00:00,34.804,96.671,17.0,43.0,190.0,3.6
2008-10-31, 14:00:00,34.303,97.019,17.0,43.0,190.0,2.1
2008-10-31, 14:00:00,34.699,99.338,12.0,43.0,0.0,0.0
2008-10-31, 14:00:00,36.768,96.026,12.2,43.0,140.0,2.1
2008-10-31, 14:00:00,35.096,97.966,14.0,43.0,200.0,2.1
2008-10-31, 14:00:00,35.724,96.820,16.0,43.0,220.0,2.6
2008-10-31, 14:00:00,35.357,99.204,12.2,43.0,290.0,2.1
2008-10-31, 14:00:00,35.950,96.773,15.0,43.0,190.0,1.5
2008-10-31, 14:00:00,33.942,96.394,17.0,43.0,190.0,3.1
2008-10-31, 14:00:00,34.471,97.960,13.0,43.0,190.0,4.6
2008-10-31, 14:00:00,36.333,97.917,11.5,43.0,270.0,4.1
2008-10-31, 14:00:00,34.344,98.983,12.8,43.0,210.0,3.6
2008-10-31, 14:00:00,34.600,98.400,12.1,43.0,0.0,0.0
2008-10-31, 14:00:00,36.297,99.769,7.2,43.0,230.0,1.5
2008-10-31, 14:00:00,36.294,95.480,16.0,43.0,190.0,4.6
2008-10-31, 14:00:00,36.605,94.739,16.0,43.0,170.0,2.1
2008-10-31, 14:00:00,35.852,97.408,15.6,43.0,210.0,3.1
2008-10-31, 14:00:00,36.682,101.505,9.4,43.0,290.0,1.5
2008-10-31, 14:00:00,34.989,99.052,11.7,43.0,240.0,3.1
2008-10-31, 14:00:00,35.438,94.803,13.0,43.0,90.0,2.6
2008-10-31, 14:00:00,35.865,98.421,12.0,43.0,310.0,1.5
2008-10-31, 14:00:00,34.557,98.417,12.8,43.0,210.0,2.1
2008-10-31, 14:00:00,34.650,99.267,10.9,43.0,0.0,0.0
2008-10-31, 14:00:00,35.657,95.360,14.4,43.0,160.0,4.6
2008-10-31, 14:00:00,34.882,95.783,16.7,43.0,190.0,4.6
2008-10-31, 14:00:00,35.545,98.668,10.0,43.0,0.0,0.0
2008-10-31, 14:00:00,35.389,97.600,13.3,43.0,170.0,3.1
2008-10-31, 14:00:00,35.668,95.949,17.0,43.0,220.0,3.1
2008-10-31, 14:00:00,35.217,97.450,15.0,43.0,190.0,4.1
2008-10-31, 14:00:00,36.730,97.100,12.2,43.0,200.0,2.1
2008-10-31, 14:00:00,34.711,97.223,16.0,43.0,190.0,4.6
2008-10-31, 14:00:00,35.541,97.647,14.4,43.0,220.0,4.1
2008-10-31, 14:00:00,35.022,94.621,17.0,43.0,220.0,2.6
2008-10-31, 14:00:00,35.472,98.006,13.0,43.0,220.0,2.6
2008-10-31, 14:00:00,36.042,95.989,16.1,43.0,200.0,4.6
2008-10-31, 14:00:00,35.357,96.943,16.0,43.0,220.0,3.6
2008-10-31, 14:00:00,35.274,96.675,15.0,43.0,180.0,3.6
2008-10-31, 14:00:00,36.162,97.089,12.8,43.0,190.0,1.5
2008-10-31, 14:00:00,35.417,97.383,13.9,43.0,200.0,4.1
2008-10-31, 14:00:00,35.929,95.004,16.0,43.0,170.0,4.6
2008-10-31, 14:00:00,36.197,95.886,16.7,43.0,190.0,4.6
2008-10-31, 14:00:00,36.379,97.791,10.0,43.0,230.0,2.1
2008-10-31, 14:00:00,36.437,99.521,9.0,43.0,260.0,3.1
2008-10-31, 14:00:00,45.604,103.546,2.2,43.0,100.0,3.1
2008-10-31, 14:00:00,45.669,96.991,2.8,43.0,330.0,2.1
2008-10-31, 14:00:00,43.767,99.318,2.2,43.0,300.0,3.6
2008-10-31, 14:00:00,45.443,98.413,1.1,43.0,360.0,3.6
2008-10-31, 14:00:00,44.905,97.149,1.1,43.0,350.0,2.1
2008-10-31, 14:00:00,44.300,96.817,3.0,43.0,10.0,4.1
2008-10-31, 14:00:00,43.733,103.618,0.61,43.0,320.0,2.6
2008-10-31, 14:00:00,45.032,102.019,2.8,43.0,100.0,2.6
2008-10-31, 14:00:00,43.577,96.754,5.6,43.0,0.0,0.0
2008-10-31, 14:00:00,44.388,98.228,3.3,43.0,350.0,3.1
2008-10-31, 14:00:00,43.026,102.523,-3.3,43.0,0.0,0.0
2008-10-31, 14:00:00,45.550,100.409,-0.59,43.0,360.0,3.1
2008-10-31, 14:00:00,43.767,98.033,3.3,43.0,340.0,4.1
2008-10-31, 14:00:00,44.051,101.601,-1.7,43.0,260.0,2.1
2008-10-31, 14:00:00,44.383,100.286,0.01,43.0,350.0,1.5
2008-10-31, 14:00:00,44.046,103.054,2.8,43.0,270.0,1.5
2008-10-31, 14:00:00,44.150,103.100,2.9,43.0,240.0,1.5
2008-10-31, 14:00:00,44.483,103.783,5.0,43.0,210.0,3.1
2008-10-31, 14:00:00,42.917,97.383,4.0,43.0,320.0,4.6
2008-10-31, 14:00:00,36.119,86.689,8.9,43.0,0.0,0.0
2008-10-31, 14:00:00,36.622,87.415,8.3,43.0,0.0,0.0
2008-10-31, 14:00:00,36.000,89.400,11.0,43.0,170.0,2.6
2008-10-31, 14:00:00,35.061,89.985,12.8,43.0,170.0,3.6
2008-10-31, 14:00:00,35.593,88.917,8.9,43.0,0.0,0.0
2008-10-31, 14:00:00,36.009,86.520,7.7,43.0,110.0,2.1
2008-10-31, 14:00:00,35.357,89.870,11.0,43.0,130.0,2.1
2008-10-31, 14:00:00,30.219,96.374,12.0,43.0,0.0,0.0
2008-10-31, 14:00:00,29.908,96.950,15.0,43.0,0.0,0.0
2008-10-31, 14:00:00,30.048,102.213,12.2,43.0,30.0,2.6
2008-10-31, 14:00:00,32.410,99.682,14.4,43.0,200.0,6.2
2008-10-31, 14:00:00,31.617,97.228,16.1,43.0,150.0,2.6
2008-10-31, 14:00:00,32.967,96.833,16.0,43.0,150.0,4.1
2008-10-31, 14:00:00,32.973,97.318,17.2,43.0,190.0,3.6
2008-10-31, 14:00:00,27.741,98.027,18.3,43.0,0.0,0.0
2008-10-31, 14:00:00,35.220,101.717,10.0,43.0,250.0,2.6
2008-10-31, 14:00:00,30.784,98.662,16.0,43.0,120.0,2.1
2008-10-31, 14:00:00,29.254,96.154,16.0,43.0,90.0,1.5
2008-10-31, 14:00:00,30.194,97.670,17.2,43.0,0.0,0.0
2008-10-31, 14:00:00,29.709,98.045,17.2,43.0,0.0,0.0
2008-10-31, 14:00:00,31.179,99.324,14.0,43.0,160.0,1.5
2008-10-31, 14:00:00,35.695,101.395,8.3,43.0,250.0,1.5
2008-10-31, 14:00:00,30.740,98.235,16.1,43.0,210.0,2.1
2008-10-31, 14:00:00,32.200,101.517,13.0,43.0,150.0,2.1
2008-10-31, 14:00:00,29.951,94.021,16.7,43.0,70.0,2.1
2008-10-31, 14:00:00,34.428,100.283,12.8,43.0,230.0,1.5
2008-10-31, 14:00:00,30.582,96.362,15.6,43.0,120.0,2.6
2008-10-31, 14:00:00,28.458,99.220,17.2,43.0,100.0,2.1
2008-10-31, 14:00:00,32.354,97.434,14.0,43.0,160.0,3.1
2008-10-31, 14:00:00,27.773,97.513,20.0,43.0,0.0,0.0
2008-10-31, 14:00:00,32.031,96.399,14.4,43.0,160.0,2.1
2008-10-31, 14:00:00,30.357,95.414,14.4,43.0,0.0,0.0
2008-10-31, 14:00:00,32.852,96.856,16.1,43.0,160.0,4.1
2008-10-31, 14:00:00,32.897,97.022,17.2,43.0,180.0,5.7
2008-10-31, 14:00:00,36.023,102.547,7.8,43.0,350.0,3.6
2008-10-31, 14:00:00,31.307,95.404,13.0,43.0,0.0,0.0
2008-10-31, 14:00:00,29.117,100.467,15.9,43.0,100.0,2.6
2008-10-31, 14:00:00,29.375,100.924,16.1,43.0,120.0,3.1
2008-10-31, 14:00:00,33.206,97.199,16.1,43.0,170.0,4.1
2008-10-31, 14:00:00,35.858,102.013,7.0,43.0,320.0,2.6
2008-10-31, 14:00:00,30.067,95.556,15.6,43.0,0.0,0.0
2008-10-31, 14:00:00,32.420,99.857,15.7,43.0,190.0,2.6
2008-10-31, 14:00:00,30.384,103.683,12.0,43.0,220.0,3.1
2008-10-31, 14:00:00,29.947,100.174,16.0,43.0,160.0,4.6
2008-10-31, 14:00:00,31.811,106.376,10.6,43.0,10.0,4.1
2008-10-31, 14:00:00,29.967,99.083,17.0,43.0,140.0,2.1
2008-10-31, 14:00:00,34.226,99.284,12.0,43.0,210.0,2.1
2008-10-31, 14:00:00,30.912,102.917,12.2,43.0,160.0,3.6
2008-10-31, 14:00:00,32.825,97.364,16.1,43.0,180.0,3.6
2008-10-31, 14:00:00,32.567,97.300,16.0,43.0,170.0,3.1
2008-10-31, 14:00:00,32.444,97.817,13.0,43.0,0.0,0.0
2008-10-31, 14:00:00,31.831,104.809,12.8,43.0,230.0,3.1
2008-10-31, 14:00:00,32.390,94.714,13.3,43.0,180.0,1.5
2008-10-31, 14:00:00,32.664,97.096,15.0,43.0,190.0,3.6
2008-10-31, 14:00:00,33.651,97.197,14.0,43.0,170.0,2.1
2008-10-31, 14:00:00,29.270,94.864,NaN,43.0,110.0,2.6
2008-10-31, 14:00:00,32.675,102.652,7.0,43.0,0.0,0.0
2008-10-31, 14:00:00,31.421,97.797,15.0,43.0,150.0,1.5
2008-10-31, 14:00:00,31.067,97.817,16.0,43.0,180.0,2.6
2008-10-31, 14:00:00,30.683,97.683,14.0,43.0,0.0,0.0
2008-10-31, 14:00:00,33.067,96.067,15.0,43.0,160.0,2.1
2008-10-31, 14:00:00,30.169,96.980,14.0,43.0,0.0,0.0
2008-10-31, 14:00:00,29.359,99.174,16.7,43.0,70.0,2.6
2008-10-31, 14:00:00,35.900,100.400,4.0,43.0,0.0,0.0
2008-10-31, 14:00:00,31.133,97.700,16.7,43.0,150.0,3.6
2008-10-31, 14:00:00,29.638,95.282,18.9,43.0,100.0,1.5
2008-10-31, 14:00:00,32.747,96.530,13.0,43.0,150.0,2.1
2008-10-31, 14:00:00,29.894,97.865,17.0,43.0,0.0,0.0
2008-10-31, 14:00:00,29.992,95.364,15.6,43.0,0.0,0.0
2008-10-31, 14:00:00,31.083,97.683,16.0,43.0,180.0,2.6
2008-10-31, 14:00:00,32.083,97.097,15.0,43.0,160.0,3.6
2008-10-31, 14:00:00,31.780,103.201,9.4,43.0,340.0,2.1
2008-10-31, 14:00:00,30.886,94.035,11.8,43.0,0.0,0.0
2008-10-31, 14:00:00,30.511,99.766,18.9,43.0,200.0,3.6
2008-10-31, 14:00:00,32.742,95.496,13.0,43.0,0.0,0.0
2008-10-31, 14:00:00,31.869,95.217,13.0,43.0,170.0,3.6
2008-10-31, 14:00:00,32.456,96.912,16.0,43.0,180.0,4.1
2008-10-31, 14:00:00,32.699,94.949,14.0,43.0,170.0,1.5
2008-10-31, 14:00:00,33.667,101.821,10.0,43.0,300.0,2.6
2008-10-31, 14:00:00,33.593,95.063,16.0,43.0,180.0,2.1
2008-10-31, 14:00:00,31.234,94.750,12.2,43.0,130.0,2.6
2008-10-31, 14:00:00,30.872,96.622,21.0,43.0,140.0,3.1
2008-10-31, 14:00:00,32.579,96.719,13.0,43.0,0.0,0.0
2008-10-31, 14:00:00,27.544,99.461,19.4,43.0,130.0,2.6
2008-10-31, 14:00:00,33.254,97.580,15.0,43.0,180.0,5.1
2008-10-31, 14:00:00,29.521,95.242,17.2,43.0,70.0,1.5
2008-10-31, 14:00:00,31.948,102.209,10.6,43.0,0.0,0.0
2008-10-31, 14:00:00,32.036,102.101,13.0,43.0,0.0,0.0
2008-10-31, 14:00:00,31.917,98.600,14.0,43.0,170.0,3.1
2008-10-31, 14:00:00,30.367,104.017,7.0,43.0,340.0,3.1
2008-10-31, 14:00:00,32.782,98.060,13.3,43.0,140.0,2.6
2008-10-31, 14:00:00,32.766,97.433,16.1,43.0,190.0,4.1
2008-10-31, 14:00:00,27.692,97.291,22.8,43.0,130.0,1.5
2008-10-31, 14:00:00,27.503,97.812,18.3,43.0,0.0,0.0
2008-10-31, 14:00:00,31.583,94.717,11.0,43.0,0.0,0.0
2008-10-31, 14:00:00,31.921,102.392,11.1,43.0,0.0,0.0
2008-10-31, 14:00:00,30.069,93.804,13.3,43.0,80.0,1.5
2008-10-31, 14:00:00,33.095,94.961,16.0,43.0,180.0,3.1
2008-10-31, 14:00:00,31.382,103.510,7.0,43.0,0.0,0.0
2008-10-31, 14:00:00,28.654,96.681,18.0,43.0,70.0,2.1
2008-10-31, 14:00:00,35.613,100.996,11.0,43.0,20.0,3.1
2008-10-31, 14:00:00,33.633,95.450,14.0,43.0,160.0,3.6
2008-10-31, 14:00:00,31.779,95.706,14.0,43.0,140.0,2.1
2008-10-31, 14:00:00,28.728,96.251,18.9,43.0,60.0,2.1
2008-10-31, 14:00:00,34.168,101.717,8.0,43.0,310.0,3.1
2008-10-31, 14:00:00,31.483,97.317,14.0,43.0,180.0,2.1
2008-10-31, 14:00:00,36.400,100.733,7.0,43.0,300.0,3.1
2008-10-31, 14:00:00,27.812,97.089,23.0,43.0,80.0,2.1
2008-10-31, 14:00:00,32.676,96.864,16.1,43.0,NaN,2.1
2008-10-31, 14:00:00,27.778,97.690,17.0,43.0,0.0,0.0
2008-10-31, 14:00:00,28.084,97.046,20.0,43.0,0.0,0.0
2008-10-31, 14:00:00,29.533,98.283,16.6,43.0,80.0,1.5
2008-10-31, 14:00:00,33.110,98.555,14.0,43.0,0.0,0.0
2008-10-31, 14:00:00,30.515,96.704,14.0,43.0,0.0,0.0
2008-10-31, 14:00:00,29.533,98.464,18.3,43.0,0.0,0.0
2008-10-31, 14:00:00,32.217,98.183,13.0,43.0,0.0,0.0
2008-10-31, 14:00:00,29.622,95.657,18.9,43.0,110.0,2.1
2008-10-31, 14:00:00,31.351,100.494,16.7,43.0,210.0,4.1
2008-10-31, 14:00:00,29.383,98.583,18.4,43.0,70.0,2.1
2008-10-31, 14:00:00,33.161,95.621,15.0,43.0,190.0,3.1
2008-10-31, 14:00:00,32.693,100.950,8.0,43.0,0.0,0.0
2008-10-31, 14:00:00,30.586,100.648,16.0,43.0,180.0,2.1
2008-10-31, 14:00:00,33.979,98.493,14.4,43.0,200.0,3.6
2008-10-31, 14:00:00,29.339,98.472,17.8,43.0,0.0,0.0
2008-10-31, 14:00:00,32.467,100.466,14.0,43.0,180.0,5.1
2008-10-31, 14:00:00,30.244,98.909,16.0,43.0,0.0,0.0
2008-10-31, 14:00:00,33.178,96.590,15.0,43.0,170.0,3.6
2008-10-31, 14:00:00,31.150,97.400,15.0,43.0,190.0,2.6
2008-10-31, 14:00:00,32.714,96.268,14.4,43.0,170.0,2.1
2008-10-31, 14:00:00,32.359,95.404,13.9,43.0,250.0,2.1
2008-10-31, 14:00:00,30.744,95.586,15.0,43.0,0.0,0.0
2008-10-31, 14:00:00,29.211,99.743,16.0,43.0,70.0,3.6
2008-10-31, 14:00:00,28.862,96.930,16.7,43.0,60.0,1.5
2008-10-31, 14:00:00,33.175,97.828,12.0,43.0,0.0,0.0
2008-10-31, 14:00:00,37.706,112.146,-0.59,43.0,280.0,1.5
2008-10-31, 14:00:00,37.707,113.097,11.7,43.0,190.0,2.6
2008-10-31, 14:00:00,38.760,109.745,8.9,43.0,NaN,1.5
2008-10-31, 14:00:00,40.733,114.033,8.0,43.0,0.0,0.0
2008-10-31, 14:00:00,41.117,111.967,12.2,43.0,110.0,5.1
2008-10-31, 14:00:00,41.783,111.854,2.2,43.0,250.0,2.1
2008-10-31, 14:00:00,38.422,113.010,8.3,43.0,210.0,2.6
2008-10-31, 14:00:00,41.194,112.016,12.2,43.0,170.0,5.7
2008-10-31, 14:00:00,39.609,110.755,6.7,43.0,110.0,1.5
2008-10-31, 14:00:00,40.217,111.717,9.0,43.0,180.0,3.6
2008-10-31, 14:00:00,41.050,113.083,11.0,43.0,200.0,2.6
2008-10-31, 14:00:00,40.778,111.969,12.8,43.0,140.0,5.1
2008-10-31, 14:00:00,40.444,109.512,3.3,43.0,270.0,2.1
2008-10-31, 14:00:00,45.933,89.733,7.0,43.0,360.0,3.6
2008-10-31, 14:00:00,46.550,90.918,7.8,43.0,330.0,4.1
2008-10-31, 14:00:00,44.250,88.517,8.0,43.0,NaN,1.5
2008-10-31, 14:00:00,44.929,89.627,7.8,43.0,300.0,2.1
2008-10-31, 14:00:00,42.690,88.305,16.0,43.0,230.0,7.2
2008-10-31, 14:00:00,44.614,88.731,8.0,43.0,0.0,0.0
2008-10-31, 14:00:00,43.958,90.738,5.0,43.0,0.0,0.0
2008-10-31, 14:00:00,44.783,89.667,7.0,43.0,320.0,2.1
2008-10-31, 14:00:00,43.522,89.771,12.0,43.0,250.0,3.1
2008-10-31, 14:00:00,44.865,91.485,9.4,43.0,40.0,2.1
2008-10-31, 14:00:00,42.615,89.591,10.0,43.0,210.0,3.1
2008-10-31, 14:00:00,45.932,89.269,5.7,43.0,330.0,2.1
2008-10-31, 14:00:00,42.595,87.938,11.7,43.0,240.0,5.1
2008-10-31, 14:00:00,43.422,88.128,12.0,43.0,260.0,4.1
2008-10-31, 14:00:00,43.770,88.486,10.0,43.0,230.0,3.6
2008-10-31, 14:00:00,44.479,88.137,8.9,43.0,230.0,2.1
2008-10-31, 14:00:00,46.020,91.450,3.9,43.0,0.0,0.0
2008-10-31, 14:00:00,44.359,89.837,8.9,43.0,0.0,0.0
2008-10-31, 14:00:00,42.617,89.033,9.0,43.0,210.0,5.7
2008-10-31, 14:00:00,46.154,89.212,8.0,43.0,360.0,4.1
2008-10-31, 14:00:00,43.212,90.181,9.4,43.0,0.0,0.0
2008-10-31, 14:00:00,43.879,91.257,8.9,43.0,190.0,2.1
2008-10-31, 14:00:00,44.892,91.868,11.0,43.0,350.0,4.6
2008-10-31, 14:00:00,45.101,90.303,10.0,43.0,10.0,1.5
2008-10-31, 14:00:00,44.638,90.188,8.9,43.0,320.0,4.1
2008-10-31, 14:00:00,42.955,87.904,12.2,43.0,250.0,3.6
2008-10-31, 14:00:00,42.885,90.232,9.3,43.0,190.0,2.6
2008-10-31, 14:00:00,43.140,89.345,10.0,43.0,170.0,1.5
2008-10-31, 14:00:00,44.133,87.683,11.0,43.0,240.0,2.1
2008-10-31, 14:00:00,43.117,88.033,13.0,43.0,220.0,3.1
2008-10-31, 14:00:00,45.309,92.690,6.0,43.0,360.0,1.5
2008-10-31, 14:00:00,43.967,88.558,10.6,43.0,220.0,2.6
2008-10-31, 14:00:00,43.156,90.677,5.6,43.0,0.0,0.0
2008-10-31, 14:00:00,45.700,90.400,8.0,43.0,350.0,1.5
2008-10-31, 14:00:00,44.334,89.015,8.0,43.0,0.0,0.0
2008-10-31, 14:00:00,43.022,91.125,7.0,43.0,0.0,0.0
2008-10-31, 14:00:00,42.759,87.818,11.7,43.0,220.0,2.6
2008-10-31, 14:00:00,45.497,91.000,6.0,43.0,330.0,3.1
2008-10-31, 14:00:00,45.632,89.482,8.3,43.0,350.0,2.6
2008-10-31, 14:00:00,45.148,92.538,7.0,43.0,360.0,3.6
2008-10-31, 14:00:00,45.418,91.774,6.0,43.0,330.0,2.1
2008-10-31, 14:00:00,45.183,89.700,3.0,43.0,0.0,0.0
2008-10-31, 14:00:00,43.167,88.717,11.0,43.0,230.0,2.6
2008-10-31, 14:00:00,45.823,92.372,5.0,43.0,0.0,0.0
2008-10-31, 14:00:00,43.776,87.850,12.2,43.0,230.0,3.1
2008-10-31, 14:00:00,44.545,89.530,7.0,43.0,0.0,0.0
2008-10-31, 14:00:00,44.850,87.417,11.0,43.0,250.0,4.6
2008-10-31, 14:00:00,46.690,92.095,7.0,43.0,10.0,3.1
2008-10-31, 14:00:00,45.469,89.806,7.0,43.0,340.0,2.6
2008-10-31, 14:00:00,43.041,88.237,13.0,43.0,220.0,4.1
2008-10-31, 14:00:00,43.427,88.703,9.0,43.0,240.0,2.1
2008-10-31, 14:00:00,43.933,90.267,10.0,43.0,0.0,0.0
2008-10-31, 14:00:00,44.041,89.304,6.1,43.0,0.0,0.0
2008-10-31, 14:00:00,41.700,106.217,12.7,43.0,230.0,4.6
2008-10-31, 14:00:00,42.579,110.103,-6.1,43.0,0.0,0.0
2008-10-31, 14:00:00,44.381,106.719,8.3,43.0,240.0,3.6
2008-10-31, 14:00:00,44.517,109.017,5.0,43.0,0.0,0.0
2008-10-31, 14:00:00,42.897,106.473,3.9,43.0,230.0,5.1
2008-10-31, 14:00:00,41.158,104.807,2.8,43.0,270.0,1.5
2008-10-31, 14:00:00,42.794,105.382,-3.3,43.0,0.0,0.0
2008-10-31, 14:00:00,41.273,111.030,7.8,43.0,140.0,3.1
2008-10-31, 14:00:00,44.339,105.542,2.8,43.0,NaN,3.1
2008-10-31, 14:00:00,44.516,108.076,-2.2,43.0,0.0,0.0
2008-10-31, 14:00:00,43.600,110.733,-4.0,43.0,0.0,0.0
2008-10-31, 14:00:00,41.312,105.675,-0.59,43.0,160.0,5.7
2008-10-31, 14:00:00,42.815,108.728,2.8,43.0,0.0,0.0
2008-10-31, 14:00:00,44.544,110.421,-3.9,43.0,0.0,0.0
2008-10-31, 14:00:00,42.795,109.807,-4.0,43.0,280.0,2.6
2008-10-31, 14:00:00,43.062,108.446,0.61,43.0,320.0,3.1
2008-10-31, 14:00:00,41.594,109.065,3.9,43.0,0.0,0.0
2008-10-31, 14:00:00,41.806,107.200,-2.8,43.0,40.0,2.1
2008-10-31, 14:00:00,44.769,106.969,-1.7,43.0,0.0,0.0
2008-10-31, 14:00:00,42.065,104.153,-1.7,43.0,290.0,1.5
2008-10-31, 14:00:00,41.150,105.400,8.3,43.0,230.0,3.6
2008-10-31, 14:00:00,43.966,107.951,0.01,43.0,160.0,2.1
2008-10-31, 14:00:00,31.633,106.433,14.0,43.0,360.0,2.6
2008-10-31, 14:00:00,29.067,110.950,8.0,43.0,0.0,0.0
2008-10-31, 14:00:00,28.700,100.517,16.0,43.0,0.0,0.0
2008-10-31, 15:00:00,36.773,98.670,14.0,46.0,300.0,1.5
2008-10-31, 15:00:00,30.317,97.767,20.0,46.0,NaN,1.5
2008-10-31, 15:00:00,34.398,96.148,19.0,46.0,190.0,4.1
2008-10-31, 15:00:00,28.973,95.863,22.0,46.0,90.0,2.6
2008-10-31, 15:00:00,45.150,89.150,11.0,46.0,10.0,4.6
2008-10-31, 15:00:00,33.717,96.667,18.0,46.0,210.0,8.2
2008-10-31, 15:00:00,29.115,95.463,22.8,46.0,110.0,2.6
2008-10-31, 15:00:00,32.131,110.955,17.8,46.0,200.0,2.6
2008-10-31, 15:00:00,31.583,110.350,18.0,46.0,NaN,0.5
2008-10-31, 15:00:00,34.280,87.600,13.8,46.0,210.0,3.6
2008-10-31, 15:00:00,34.269,86.858,17.0,46.0,170.0,2.1
2008-10-31, 15:00:00,30.614,88.063,NaN,46.0,40.0,2.6
2008-10-31, 15:00:00,33.566,86.745,15.0,46.0,NaN,1.5
2008-10-31, 15:00:00,34.658,86.943,13.3,46.0,140.0,2.1
2008-10-31, 15:00:00,33.178,86.782,12.8,46.0,NaN,2.1
2008-10-31, 15:00:00,31.419,87.048,15.0,46.0,120.0,3.1
2008-10-31, 15:00:00,34.644,86.786,12.8,46.0,120.0,2.6
2008-10-31, 15:00:00,34.861,86.557,15.0,46.0,130.0,2.1
2008-10-31, 15:00:00,32.300,86.406,13.9,46.0,NaN,2.1
2008-10-31, 15:00:00,30.688,88.246,16.1,46.0,90.0,3.1
2008-10-31, 15:00:00,34.744,87.599,12.8,46.0,0.0,0.0
2008-10-31, 15:00:00,33.220,87.611,14.4,46.0,0.0,0.0
2008-10-31, 15:00:00,36.133,90.917,13.0,46.0,190.0,4.1
2008-10-31, 15:00:00,36.183,94.117,16.0,46.0,190.0,5.1
2008-10-31, 15:00:00,35.133,90.233,15.0,46.0,170.0,4.1
2008-10-31, 15:00:00,36.370,92.472,16.7,46.0,150.0,2.6
2008-10-31, 15:00:00,35.733,91.650,14.0,46.0,190.0,2.1
2008-10-31, 15:00:00,35.967,89.950,16.0,46.0,200.0,3.6
2008-10-31, 15:00:00,33.617,92.767,15.0,46.0,160.0,2.6
2008-10-31, 15:00:00,34.047,94.399,15.6,46.0,20.0,1.5
2008-10-31, 15:00:00,33.221,92.813,13.3,46.0,0.0,0.0
2008-10-31, 15:00:00,36.300,92.583,15.0,46.0,120.0,2.1
2008-10-31, 15:00:00,35.334,94.365,15.0,46.0,30.0,2.6
2008-10-31, 15:00:00,36.010,94.168,16.7,46.0,200.0,5.1
2008-10-31, 15:00:00,35.939,89.832,16.1,46.0,190.0,4.6
2008-10-31, 15:00:00,34.478,93.096,15.6,46.0,0.0,0.0
2008-10-31, 15:00:00,36.262,93.155,15.0,46.0,130.0,2.1
2008-10-31, 15:00:00,35.837,90.643,14.4,46.0,180.0,3.1
2008-10-31, 15:00:00,34.727,92.236,13.3,46.0,150.0,2.6
2008-10-31, 15:00:00,33.638,91.751,15.0,46.0,0.0,0.0
2008-10-31, 15:00:00,34.917,92.150,13.4,46.0,170.0,2.6
2008-10-31, 15:00:00,35.638,91.176,14.4,46.0,200.0,4.6
2008-10-31, 15:00:00,34.100,93.066,12.2,46.0,0.0,0.0
2008-10-31, 15:00:00,34.545,94.202,20.0,46.0,240.0,4.1
2008-10-31, 15:00:00,34.550,93.583,18.3,46.0,NaN,2.6
2008-10-31, 15:00:00,34.175,91.935,13.9,46.0,180.0,2.6
2008-10-31, 15:00:00,36.367,94.100,17.0,46.0,180.0,4.6
2008-10-31, 15:00:00,35.259,93.093,16.7,46.0,100.0,1.5
2008-10-31, 15:00:00,34.600,91.567,14.0,46.0,180.0,4.6
2008-10-31, 15:00:00,36.200,94.483,17.0,46.0,190.0,7.7
2008-10-31, 15:00:00,35.212,91.737,12.7,46.0,180.0,3.1
2008-10-31, 15:00:00,33.456,93.988,15.6,46.0,200.0,3.6
2008-10-31, 15:00:00,36.350,94.217,16.0,46.0,180.0,2.6
2008-10-31, 15:00:00,36.282,94.307,16.1,46.0,200.0,4.6
2008-10-31, 15:00:00,32.950,111.767,18.0,46.0,0.0,0.0
2008-10-31, 15:00:00,33.269,111.811,16.0,46.0,0.0,0.0
2008-10-31, 15:00:00,32.167,110.883,19.0,46.0,130.0,2.1
2008-10-31, 15:00:00,31.469,109.604,14.4,46.0,0.0,0.0
2008-10-31, 15:00:00,33.690,112.066,21.7,46.0,0.0,0.0
2008-10-31, 15:00:00,33.467,111.733,20.0,46.0,60.0,3.1
2008-10-31, 15:00:00,35.140,111.672,5.0,46.0,0.0,0.0
2008-10-31, 15:00:00,32.433,112.683,20.0,46.0,360.0,0.5
2008-10-31, 15:00:00,35.946,112.155,5.0,46.0,0.0,0.0
2008-10-31, 15:00:00,33.527,112.295,19.0,46.0,0.0,0.0
2008-10-31, 15:00:00,33.417,112.383,20.0,46.0,NaN,2.6
2008-10-31, 15:00:00,35.158,114.559,22.0,46.0,0.0,0.0
2008-10-31, 15:00:00,35.258,113.933,18.3,46.0,120.0,5.1
2008-10-31, 15:00:00,35.028,110.721,8.9,46.0,130.0,4.6
2008-10-31, 15:00:00,33.317,111.650,19.0,46.0,100.0,2.6
2008-10-31, 15:00:00,33.533,112.383,18.6,46.0,350.0,2.1
2008-10-31, 15:00:00,32.624,113.764,22.2,46.0,0.0,0.0
2008-10-31, 15:00:00,31.421,110.846,13.9,46.0,0.0,0.0
2008-10-31, 15:00:00,36.920,111.448,12.8,46.0,0.0,0.0
2008-10-31, 15:00:00,33.434,112.051,21.1,46.0,100.0,3.6
2008-10-31, 15:00:00,34.649,112.422,10.6,46.0,0.0,0.0
2008-10-31, 15:00:00,35.650,109.067,4.4,46.0,0.0,0.0
2008-10-31, 15:00:00,33.623,111.910,20.0,46.0,0.0,0.0
2008-10-31, 15:00:00,34.518,109.379,7.8,46.0,0.0,0.0
2008-10-31, 15:00:00,34.265,110.006,9.0,46.0,0.0,0.0
2008-10-31, 15:00:00,33.619,114.717,21.7,46.0,0.0,0.0
2008-10-31, 15:00:00,34.766,114.623,21.7,46.0,0.0,0.0
2008-10-31, 15:00:00,38.097,106.169,4.0,46.0,330.0,4.1
2008-10-31, 15:00:00,40.054,106.369,-7.0,46.0,0.0,0.0
2008-10-31, 15:00:00,40.450,106.750,9.0,46.0,0.0,0.0
2008-10-31, 15:00:00,39.050,105.514,7.0,46.0,350.0,2.1
2008-10-31, 15:00:00,39.426,107.379,6.0,46.0,NaN,NaN
2008-10-31, 15:00:00,38.967,104.817,6.6,46.0,360.0,2.6
2008-10-31, 15:00:00,40.174,103.214,11.7,46.0,250.0,4.1
2008-10-31, 15:00:00,37.439,105.861,1.1,46.0,0.0,0.0
2008-10-31, 15:00:00,39.564,104.848,12.2,46.0,0.0,0.0
2008-10-31, 15:00:00,39.229,106.869,4.4,46.0,0.0,0.0
2008-10-31, 15:00:00,39.710,104.758,12.0,46.0,190.0,3.6
2008-10-31, 15:00:00,40.493,107.524,1.1,46.0,240.0,2.1
2008-10-31, 15:00:00,39.467,106.150,1.0,46.0,270.0,6.7
2008-10-31, 15:00:00,37.306,108.626,5.0,46.0,0.0,0.0
2008-10-31, 15:00:00,38.816,104.711,11.7,46.0,60.0,2.6
2008-10-31, 15:00:00,37.451,106.800,4.0,46.0,0.0,0.0
2008-10-31, 15:00:00,39.833,104.658,12.2,46.0,230.0,4.6
2008-10-31, 15:00:00,37.143,107.760,5.0,46.0,0.0,0.0
2008-10-31, 15:00:00,40.042,107.890,3.9,46.0,0.0,0.0
2008-10-31, 15:00:00,39.650,106.917,-2.0,46.0,90.0,1.5
2008-10-31, 15:00:00,38.700,104.767,9.4,46.0,350.0,3.6
2008-10-31, 15:00:00,40.450,105.017,7.0,46.0,180.0,2.1
2008-10-31, 15:00:00,39.134,108.539,10.6,46.0,120.0,5.1
2008-10-31, 15:00:00,38.533,106.933,-4.0,46.0,0.0,0.0
2008-10-31, 15:00:00,40.433,104.633,2.0,46.0,0.0,0.0
2008-10-31, 15:00:00,40.483,107.217,4.0,46.0,110.0,4.6
2008-10-31, 15:00:00,39.242,102.283,10.0,46.0,250.0,1.5
2008-10-31, 15:00:00,38.072,102.687,7.8,46.0,300.0,3.6
2008-10-31, 15:00:00,38.049,103.512,8.9,46.0,270.0,3.6
2008-10-31, 15:00:00,39.273,103.667,8.3,46.0,0.0,0.0
2008-10-31, 15:00:00,39.228,106.316,-0.59,46.0,0.0,0.0
2008-10-31, 15:00:00,38.505,107.897,6.7,46.0,0.0,0.0
2008-10-31, 15:00:00,38.290,104.498,7.2,46.0,250.0,1.5
2008-10-31, 15:00:00,39.525,107.727,3.9,46.0,0.0,0.0
2008-10-31, 15:00:00,37.283,102.617,13.9,46.0,310.0,1.5
2008-10-31, 15:00:00,37.267,104.433,10.0,46.0,280.0,5.1
2008-10-31, 15:00:00,37.954,107.909,6.0,46.0,140.0,1.5
2008-10-31, 15:00:00,37.501,105.167,9.0,46.0,0.0,0.0
2008-10-31, 15:00:00,30.772,86.520,16.1,46.0,70.0,1.5
2008-10-31, 15:00:00,30.393,86.467,15.6,46.0,70.0,4.6
2008-10-31, 15:00:00,30.417,86.683,16.5,46.0,80.0,5.1
2008-10-31, 15:00:00,30.697,87.020,17.8,46.0,100.0,3.1
2008-10-31, 15:00:00,30.356,87.323,16.7,46.0,60.0,4.1
2008-10-31, 15:00:00,30.724,87.022,16.1,46.0,80.0,4.1
2008-10-31, 15:00:00,30.478,87.187,15.6,46.0,60.0,2.6
2008-10-31, 15:00:00,30.483,86.517,16.6,46.0,80.0,4.6
2008-10-31, 15:00:00,41.701,94.920,12.0,46.0,0.0,0.0
2008-10-31, 15:00:00,42.554,92.401,11.1,46.0,0.0,0.0
2008-10-31, 15:00:00,41.990,93.619,11.1,46.0,0.0,0.0
2008-10-31, 15:00:00,41.283,91.667,16.0,46.0,200.0,4.6
2008-10-31, 15:00:00,43.083,94.267,10.0,46.0,10.0,4.1
2008-10-31, 15:00:00,42.050,93.850,15.0,46.0,260.0,1.5
2008-10-31, 15:00:00,40.773,91.125,16.1,46.0,220.0,4.6
2008-10-31, 15:00:00,42.750,93.767,12.0,46.0,0.0,0.0
2008-10-31, 15:00:00,41.267,95.767,12.0,46.0,360.0,3.1
2008-10-31, 15:00:00,43.067,92.617,10.0,46.0,0.0,0.0
2008-10-31, 15:00:00,41.884,91.710,12.2,46.0,200.0,2.6
2008-10-31, 15:00:00,42.050,94.783,13.0,46.0,350.0,2.1
2008-10-31, 15:00:00,42.732,95.556,8.0,46.0,10.0,3.1
2008-10-31, 15:00:00,41.033,93.367,15.0,46.0,200.0,4.6
2008-10-31, 15:00:00,41.017,94.367,15.0,46.0,190.0,2.6
2008-10-31, 15:00:00,42.398,90.704,11.7,46.0,210.0,4.6
2008-10-31, 15:00:00,43.283,91.733,11.0,46.0,320.0,2.1
2008-10-31, 15:00:00,41.983,95.383,9.0,46.0,0.0,0.0
2008-10-31, 15:00:00,41.538,93.666,14.4,46.0,180.0,2.6
2008-10-31, 15:00:00,41.614,90.591,14.4,46.0,220.0,5.1
2008-10-31, 15:00:00,40.467,91.433,17.0,46.0,200.0,5.1
2008-10-31, 15:00:00,43.401,94.747,8.9,46.0,10.0,5.1
2008-10-31, 15:00:00,41.050,91.983,16.0,46.0,190.0,4.1
2008-10-31, 15:00:00,42.550,94.183,10.0,46.0,360.0,1.5
2008-10-31, 15:00:00,40.667,91.333,16.0,46.0,210.0,4.1
2008-10-31, 15:00:00,41.584,95.340,10.0,46.0,0.0,0.0
2008-10-31, 15:00:00,40.717,95.033,12.0,46.0,0.0,0.0
2008-10-31, 15:00:00,41.633,91.543,12.2,46.0,160.0,1.5
2008-10-31, 15:00:00,42.778,96.194,7.0,46.0,0.0,0.0
2008-10-31, 15:00:00,40.630,93.901,14.4,46.0,200.0,3.6
2008-10-31, 15:00:00,43.158,93.331,11.1,46.0,10.0,2.6
2008-10-31, 15:00:00,42.110,92.916,12.2,46.0,0.0,0.0
2008-10-31, 15:00:00,40.947,91.511,16.0,46.0,200.0,5.1
2008-10-31, 15:00:00,41.367,91.150,15.0,46.0,170.0,2.1
2008-10-31, 15:00:00,42.233,91.167,13.0,46.0,220.0,3.6
2008-10-31, 15:00:00,42.681,91.974,12.0,46.0,0.0,0.0
2008-10-31, 15:00:00,41.226,92.494,16.0,46.0,200.0,4.6
2008-10-31, 15:00:00,42.983,96.067,9.0,46.0,40.0,2.6
2008-10-31, 15:00:00,41.107,92.448,14.4,46.0,190.0,3.6
2008-10-31, 15:00:00,41.300,93.117,16.0,46.0,200.0,3.6
2008-10-31, 15:00:00,41.400,92.933,15.0,46.0,190.0,2.6
2008-10-31, 15:00:00,41.017,95.267,12.0,46.0,0.0,0.0
2008-10-31, 15:00:00,40.750,95.417,11.0,46.0,0.0,0.0
2008-10-31, 15:00:00,43.217,95.833,10.0,46.0,30.0,4.1
2008-10-31, 15:00:00,42.600,95.233,12.0,46.0,20.0,4.1
2008-10-31, 15:00:00,43.166,95.203,8.9,46.0,360.0,4.6
2008-10-31, 15:00:00,42.402,96.384,8.3,46.0,330.0,5.1
2008-10-31, 15:00:00,41.683,93.017,15.0,46.0,190.0,2.1
2008-10-31, 15:00:00,42.219,92.026,12.0,46.0,180.0,2.1
2008-10-31, 15:00:00,42.542,113.771,13.3,46.0,200.0,4.1
2008-10-31, 15:00:00,43.521,112.066,2.8,46.0,10.0,2.1
2008-10-31, 15:00:00,42.727,114.457,9.4,46.0,30.0,6.7
2008-10-31, 15:00:00,44.523,114.215,1.1,46.0,0.0,0.0
2008-10-31, 15:00:00,42.920,112.571,5.0,46.0,340.0,4.6
2008-10-31, 15:00:00,43.832,111.806,2.8,46.0,0.0,0.0
2008-10-31, 15:00:00,45.117,113.883,0.01,46.0,0.0,0.0
2008-10-31, 15:00:00,43.500,114.300,7.0,46.0,280.0,3.1
2008-10-31, 15:00:00,42.479,114.476,15.6,46.0,180.0,6.7
2008-10-31, 15:00:00,39.070,88.533,13.0,46.0,200.0,4.1
2008-10-31, 15:00:00,39.162,89.674,13.0,46.0,180.0,5.1
2008-10-31, 15:00:00,40.159,89.335,13.0,46.0,180.0,4.1
2008-10-31, 15:00:00,38.606,87.727,14.0,46.0,190.0,3.6
2008-10-31, 15:00:00,38.900,90.050,15.0,46.0,180.0,4.1
2008-10-31, 15:00:00,41.770,88.481,12.2,46.0,220.0,4.6
2008-10-31, 15:00:00,38.550,89.850,14.4,46.0,180.0,3.6
2008-10-31, 15:00:00,40.477,88.916,15.0,46.0,200.0,6.7
2008-10-31, 15:00:00,41.425,88.419,14.0,46.0,220.0,4.1
2008-10-31, 15:00:00,41.019,89.386,13.0,46.0,210.0,4.6
2008-10-31, 15:00:00,37.064,89.219,14.0,46.0,190.0,2.6
2008-10-31, 15:00:00,40.032,88.273,13.9,46.0,200.0,4.6
2008-10-31, 15:00:00,38.571,90.156,15.6,46.0,170.0,2.6
2008-10-31, 15:00:00,38.089,88.123,13.0,46.0,200.0,4.1
2008-10-31, 15:00:00,39.834,88.866,13.9,46.0,200.0,5.1
2008-10-31, 15:00:00,41.932,88.708,12.0,46.0,210.0,5.1
2008-10-31, 15:00:00,40.199,87.596,13.0,46.0,200.0,5.1
2008-10-31, 15:00:00,41.896,88.251,12.8,46.0,200.0,4.6
2008-10-31, 15:00:00,38.515,89.092,14.0,46.0,190.0,3.1
2008-10-31, 15:00:00,42.246,89.582,12.0,46.0,230.0,5.7
2008-10-31, 15:00:00,38.665,88.453,15.0,46.0,190.0,5.1
2008-10-31, 15:00:00,38.379,88.413,13.0,46.0,180.0,4.6
2008-10-31, 15:00:00,40.938,90.431,14.0,46.0,190.0,4.6
2008-10-31, 15:00:00,37.811,88.549,16.0,46.0,210.0,4.1
2008-10-31, 15:00:00,41.540,87.532,13.0,46.0,220.0,5.1
2008-10-31, 15:00:00,39.774,90.239,15.0,46.0,200.0,4.1
2008-10-31, 15:00:00,41.071,87.846,13.0,46.0,230.0,4.1
2008-10-31, 15:00:00,41.518,88.175,13.0,46.0,210.0,4.1
2008-10-31, 15:00:00,41.608,88.094,12.0,46.0,220.0,4.1
2008-10-31, 15:00:00,38.760,87.599,14.4,46.0,180.0,4.1
2008-10-31, 15:00:00,37.186,88.750,15.0,46.0,170.0,2.6
2008-10-31, 15:00:00,37.783,89.245,16.7,46.0,190.0,4.1
2008-10-31, 15:00:00,41.784,87.755,13.3,46.0,220.0,4.1
2008-10-31, 15:00:00,41.451,90.515,15.0,46.0,210.0,3.1
2008-10-31, 15:00:00,40.520,90.652,18.0,46.0,230.0,5.1
2008-10-31, 15:00:00,39.478,88.279,13.3,46.0,180.0,4.6
2008-10-31, 15:00:00,38.317,88.867,14.0,46.0,200.0,5.7
2008-10-31, 15:00:00,37.750,89.001,16.0,46.0,180.0,5.1
2008-10-31, 15:00:00,38.722,88.176,14.0,46.0,190.0,3.1
2008-10-31, 15:00:00,41.980,87.904,13.9,46.0,220.0,6.2
2008-10-31, 15:00:00,40.667,89.684,12.2,46.0,200.0,3.6
2008-10-31, 15:00:00,40.924,88.625,14.0,46.0,200.0,4.6
2008-10-31, 15:00:00,39.639,90.778,15.0,46.0,190.0,2.6
2008-10-31, 15:00:00,39.700,87.670,13.0,46.0,190.0,5.7
2008-10-31, 15:00:00,42.121,87.905,13.3,46.0,210.0,2.6
2008-10-31, 15:00:00,42.193,89.093,13.3,46.0,220.0,3.6
2008-10-31, 15:00:00,41.893,89.078,12.0,46.0,210.0,3.1
2008-10-31, 15:00:00,39.016,87.650,15.0,46.0,190.0,3.1
2008-10-31, 15:00:00,38.149,89.699,14.0,46.0,170.0,4.6
2008-10-31, 15:00:00,42.046,90.108,12.0,46.0,180.0,3.6
2008-10-31, 15:00:00,38.643,88.964,15.0,46.0,190.0,3.6
2008-10-31, 15:00:00,39.845,89.684,14.4,46.0,200.0,3.1
2008-10-31, 15:00:00,41.750,89.667,14.0,46.0,220.0,2.6
2008-10-31, 15:00:00,39.534,89.328,15.0,46.0,180.0,5.1
2008-10-31, 15:00:00,40.294,88.142,15.0,46.0,0.0,0.0
2008-10-31, 15:00:00,42.417,87.867,13.3,46.0,230.0,4.6
2008-10-31, 15:00:00,39.942,91.194,15.6,46.0,200.0,5.7
2008-10-31, 15:00:00,41.352,89.153,13.0,46.0,190.0,3.1
2008-10-31, 15:00:00,39.143,86.617,13.3,46.0,210.0,4.1
2008-10-31, 15:00:00,38.043,87.520,13.3,46.0,190.0,3.6
2008-10-31, 15:00:00,41.617,87.417,14.0,46.0,200.0,5.1
2008-10-31, 15:00:00,38.250,86.950,13.0,46.0,180.0,4.1
2008-10-31, 15:00:00,39.442,87.325,15.0,46.0,200.0,4.1
2008-10-31, 15:00:00,40.412,86.948,15.0,46.0,220.0,3.1
2008-10-31, 15:00:00,41.453,86.998,12.8,46.0,220.0,4.6
2008-10-31, 15:00:00,37.750,97.219,13.3,46.0,320.0,3.6
2008-10-31, 15:00:00,37.091,95.566,16.1,46.0,210.0,5.1
2008-10-31, 15:00:00,39.551,97.650,10.6,46.0,310.0,3.6
2008-10-31, 15:00:00,37.670,95.484,15.6,46.0,210.0,6.2
2008-10-31, 15:00:00,37.773,99.970,13.3,46.0,340.0,3.6
2008-10-31, 15:00:00,37.000,101.883,11.7,46.0,300.0,2.6
2008-10-31, 15:00:00,38.329,96.194,12.8,46.0,310.0,3.6
2008-10-31, 15:00:00,38.050,97.283,12.0,46.0,320.0,5.1
2008-10-31, 15:00:00,38.941,95.650,12.8,46.0,310.0,1.5
2008-10-31, 15:00:00,39.056,96.764,13.2,46.0,310.0,2.1
2008-10-31, 15:00:00,38.350,98.867,12.0,46.0,340.0,3.6
2008-10-31, 15:00:00,37.928,100.724,11.1,46.0,310.0,3.6
2008-10-31, 15:00:00,39.368,101.693,7.8,46.0,0.0,0.0
2008-10-31, 15:00:00,39.375,99.830,12.8,46.0,330.0,3.6
2008-10-31, 15:00:00,38.068,97.860,11.1,46.0,290.0,3.1
2008-10-31, 15:00:00,38.850,99.267,14.0,46.0,340.0,4.1
2008-10-31, 15:00:00,37.617,97.267,13.5,46.0,360.0,4.6
2008-10-31, 15:00:00,37.647,97.429,13.9,46.0,340.0,3.6
2008-10-31, 15:00:00,38.824,94.887,15.0,46.0,200.0,4.1
2008-10-31, 15:00:00,37.050,100.967,12.0,46.0,340.0,4.6
2008-10-31, 15:00:00,39.008,95.212,14.4,46.0,220.0,2.1
2008-10-31, 15:00:00,39.135,96.678,13.3,46.0,NaN,1.5
2008-10-31, 15:00:00,38.850,94.739,15.0,46.0,190.0,3.1
2008-10-31, 15:00:00,37.284,98.553,13.9,46.0,340.0,3.6
2008-10-31, 15:00:00,37.328,95.504,16.7,46.0,200.0,4.6
2008-10-31, 15:00:00,37.700,98.750,11.0,46.0,330.0,4.6
2008-10-31, 15:00:00,38.873,98.813,12.8,46.0,340.0,5.7
2008-10-31, 15:00:00,38.780,97.644,13.3,46.0,330.0,4.6
2008-10-31, 15:00:00,39.072,95.626,12.8,46.0,260.0,1.5
2008-10-31, 15:00:00,37.168,97.037,14.4,46.0,320.0,2.6
2008-10-31, 15:00:00,36.964,86.419,12.8,46.0,210.0,2.1
2008-10-31, 15:00:00,37.817,87.683,15.0,46.0,200.0,3.1
2008-10-31, 15:00:00,36.667,87.500,13.2,46.0,190.0,3.1
2008-10-31, 15:00:00,37.740,87.167,13.3,46.0,190.0,4.1
2008-10-31, 15:00:00,37.056,88.774,15.0,46.0,NaN,2.6
2008-10-31, 15:00:00,30.750,92.689,19.0,46.0,140.0,2.1
2008-10-31, 15:00:00,31.335,92.559,15.0,46.0,0.0,0.0
2008-10-31, 15:00:00,31.667,93.450,17.8,46.0,0.0,0.0
2008-10-31, 15:00:00,30.029,91.884,17.2,46.0,90.0,3.1
2008-10-31, 15:00:00,30.343,89.822,16.7,46.0,40.0,3.1
2008-10-31, 15:00:00,32.500,93.667,14.0,46.0,170.0,3.6
2008-10-31, 15:00:00,30.537,91.147,17.2,46.0,70.0,2.6
2008-10-31, 15:00:00,29.333,89.400,19.4,46.0,10.0,3.6
2008-10-31, 15:00:00,30.217,93.150,6.0,46.0,0.0,0.0
2008-10-31, 15:00:00,31.167,93.000,17.2,46.0,150.0,2.6
2008-10-31, 15:00:00,30.832,93.340,20.0,46.0,110.0,2.1
2008-10-31, 15:00:00,32.542,93.745,14.4,46.0,160.0,1.5
2008-10-31, 15:00:00,31.395,92.290,15.0,46.0,70.0,1.5
2008-10-31, 15:00:00,29.445,90.261,18.0,46.0,20.0,4.6
2008-10-31, 15:00:00,30.521,90.418,19.0,46.0,NaN,NaN
2008-10-31, 15:00:00,29.567,90.667,18.0,46.0,50.0,5.1
2008-10-31, 15:00:00,31.736,93.099,15.0,46.0,0.0,0.0
2008-10-31, 15:00:00,30.126,93.223,16.7,46.0,80.0,3.1
2008-10-31, 15:00:00,30.202,91.993,15.6,46.0,70.0,1.5
2008-10-31, 15:00:00,32.512,92.031,13.9,46.0,190.0,1.5
2008-10-31, 15:00:00,29.993,90.251,18.3,46.0,50.0,6.2
2008-10-31, 15:00:00,29.825,90.035,17.8,46.0,40.0,4.1
2008-10-31, 15:00:00,30.049,90.029,16.7,46.0,60.0,4.6
2008-10-31, 15:00:00,29.562,91.526,17.8,46.0,NaN,2.6
2008-10-31, 15:00:00,31.050,93.194,16.7,46.0,150.0,3.1
2008-10-31, 15:00:00,29.717,91.333,18.0,46.0,80.0,4.6
2008-10-31, 15:00:00,32.514,92.588,17.0,46.0,180.0,3.1
2008-10-31, 15:00:00,32.447,93.824,15.6,46.0,160.0,1.5
2008-10-31, 15:00:00,32.348,91.030,15.0,46.0,0.0,0.0
2008-10-31, 15:00:00,42.129,86.428,14.4,46.0,230.0,5.1
2008-10-31, 15:00:00,47.168,88.489,8.3,46.0,340.0,6.2
2008-10-31, 15:00:00,45.750,87.033,12.0,46.0,340.0,4.1
2008-10-31, 15:00:00,45.814,88.109,11.7,46.0,340.0,5.1
2008-10-31, 15:00:00,46.533,90.133,8.0,46.0,350.0,3.6
2008-10-31, 15:00:00,43.967,86.400,13.0,46.0,240.0,4.6
2008-10-31, 15:00:00,45.133,87.633,12.0,46.0,330.0,3.6
2008-10-31, 15:00:00,46.412,86.651,10.0,46.0,350.0,5.1
2008-10-31, 15:00:00,46.354,87.395,10.0,46.0,360.0,8.2
2008-10-31, 15:00:00,44.073,93.553,11.0,46.0,20.0,5.7
2008-10-31, 15:00:00,46.450,95.211,4.0,46.0,10.0,1.5
2008-10-31, 15:00:00,43.683,93.367,9.0,46.0,10.0,2.6
2008-10-31, 15:00:00,46.550,93.683,6.0,46.0,10.0,2.1
2008-10-31, 15:00:00,45.150,93.217,9.0,46.0,10.0,6.7
2008-10-31, 15:00:00,45.228,96.004,5.0,46.0,360.0,2.6
2008-10-31, 15:00:00,43.667,92.933,11.0,46.0,0.0,0.0
2008-10-31, 15:00:00,45.869,95.394,7.8,46.0,30.0,4.6
2008-10-31, 15:00:00,45.317,95.650,6.0,46.0,30.0,2.6
2008-10-31, 15:00:00,47.200,91.400,8.0,46.0,360.0,2.1
2008-10-31, 15:00:00,46.405,94.131,7.2,46.0,30.0,3.1
2008-10-31, 15:00:00,45.567,93.267,8.0,46.0,20.0,2.6
2008-10-31, 15:00:00,45.159,93.843,8.7,46.0,10.0,4.6
2008-10-31, 15:00:00,46.700,92.500,6.0,46.0,350.0,4.6
2008-10-31, 15:00:00,46.843,92.226,6.1,46.0,360.0,4.6
2008-10-31, 15:00:00,46.833,95.883,4.0,46.0,0.0,0.0
2008-10-31, 15:00:00,43.987,95.782,8.8,46.0,10.0,5.1
2008-10-31, 15:00:00,44.986,96.178,6.0,46.0,340.0,3.1
2008-10-31, 15:00:00,46.722,92.043,8.0,46.0,50.0,3.1
2008-10-31, 15:00:00,45.767,96.533,6.0,46.0,310.0,1.5
2008-10-31, 15:00:00,44.333,93.317,11.0,46.0,20.0,4.1
2008-10-31, 15:00:00,44.832,93.470,10.6,46.0,30.0,5.1
2008-10-31, 15:00:00,46.283,96.150,5.0,46.0,0.0,0.0
2008-10-31, 15:00:00,43.677,92.180,12.1,46.0,340.0,3.1
2008-10-31, 15:00:00,43.650,94.417,8.0,46.0,10.0,3.6
2008-10-31, 15:00:00,44.753,95.556,7.1,46.0,330.0,3.6
2008-10-31, 15:00:00,45.650,95.317,8.0,46.0,40.0,4.1
2008-10-31, 15:00:00,47.217,93.517,6.0,46.0,360.0,3.1
2008-10-31, 15:00:00,44.756,94.081,9.7,46.0,20.0,4.1
2008-10-31, 15:00:00,44.867,94.383,9.0,46.0,20.0,5.7
2008-10-31, 15:00:00,47.387,92.839,6.7,46.0,10.0,3.1
2008-10-31, 15:00:00,46.619,93.310,7.0,46.0,360.0,4.1
2008-10-31, 15:00:00,46.839,96.663,3.0,46.0,360.0,1.5
2008-10-31, 15:00:00,45.886,93.272,9.0,46.0,50.0,2.6
2008-10-31, 15:00:00,43.986,94.558,8.0,46.0,330.0,3.1
2008-10-31, 15:00:00,45.097,94.507,8.0,46.0,30.0,3.1
2008-10-31, 15:00:00,44.628,93.228,10.0,46.0,10.0,4.6
2008-10-31, 15:00:00,45.950,94.350,7.0,46.0,360.0,2.1
2008-10-31, 15:00:00,43.621,96.216,7.0,46.0,30.0,3.1
2008-10-31, 15:00:00,45.236,93.986,8.0,46.0,10.0,3.1
2008-10-31, 15:00:00,45.062,93.351,9.4,46.0,10.0,4.1
2008-10-31, 15:00:00,43.650,94.983,8.0,46.0,10.0,5.7
2008-10-31, 15:00:00,44.217,93.917,9.0,46.0,30.0,6.7
2008-10-31, 15:00:00,44.450,95.817,6.0,46.0,340.0,5.1
2008-10-31, 15:00:00,45.567,95.967,4.0,46.0,330.0,3.1
2008-10-31, 15:00:00,44.883,93.229,10.6,46.0,20.0,4.6
2008-10-31, 15:00:00,44.967,95.717,6.0,46.0,10.0,3.6
2008-10-31, 15:00:00,43.913,95.109,8.0,46.0,350.0,6.2
2008-10-31, 15:00:00,46.417,92.800,6.0,46.0,10.0,3.1
2008-10-31, 15:00:00,44.083,91.700,10.0,46.0,0.0,0.0
2008-10-31, 15:00:00,43.650,95.583,7.0,46.0,350.0,5.7
2008-10-31, 15:00:00,44.779,95.033,9.5,46.0,30.0,4.6
2008-10-31, 15:00:00,44.117,93.250,9.0,46.0,0.0,0.0
2008-10-31, 15:00:00,45.372,94.746,7.0,46.0,20.0,3.1
2008-10-31, 15:00:00,46.900,95.068,6.1,46.0,30.0,2.6
2008-10-31, 15:00:00,45.550,93.600,8.0,46.0,360.0,3.6
2008-10-31, 15:00:00,43.983,96.317,8.0,46.0,50.0,3.6
2008-10-31, 15:00:00,46.725,94.384,5.0,46.0,10.0,2.1
2008-10-31, 15:00:00,44.590,92.486,11.0,46.0,0.0,0.0
2008-10-31, 15:00:00,45.698,92.953,8.0,46.0,10.0,3.6
2008-10-31, 15:00:00,43.904,92.492,11.7,46.0,10.0,2.1
2008-10-31, 15:00:00,44.547,95.082,7.8,46.0,340.0,2.6
2008-10-31, 15:00:00,46.381,94.807,6.0,46.0,350.0,2.1
2008-10-31, 15:00:00,44.857,93.033,11.0,46.0,10.0,3.6
2008-10-31, 15:00:00,45.546,94.060,7.8,46.0,10.0,3.1
2008-10-31, 15:00:00,44.930,93.048,10.6,46.0,360.0,3.1
2008-10-31, 15:00:00,44.475,93.016,9.8,46.0,30.0,2.1
2008-10-31, 15:00:00,44.249,95.607,6.1,46.0,0.0,0.0
2008-10-31, 15:00:00,44.018,92.831,10.0,46.0,10.0,2.6
2008-10-31, 15:00:00,47.050,91.750,7.0,46.0,350.0,3.1
2008-10-31, 15:00:00,44.317,94.500,9.0,46.0,50.0,5.7
2008-10-31, 15:00:00,45.306,96.424,5.0,46.0,340.0,3.6
2008-10-31, 15:00:00,46.990,94.204,6.0,46.0,360.0,2.1
2008-10-31, 15:00:00,38.100,92.550,15.0,46.0,220.0,2.6
2008-10-31, 15:00:00,39.817,93.583,16.7,46.0,190.0,3.6
2008-10-31, 15:00:00,37.226,89.578,15.0,46.0,190.0,3.6
2008-10-31, 15:00:00,38.817,92.218,15.0,46.0,180.0,4.6
2008-10-31, 15:00:00,38.712,93.174,13.3,46.0,160.0,7.7
2008-10-31, 15:00:00,37.767,90.433,14.0,46.0,190.0,4.1
2008-10-31, 15:00:00,40.097,92.543,15.6,46.0,200.0,5.1
2008-10-31, 15:00:00,38.594,92.156,16.1,46.0,150.0,1.5
2008-10-31, 15:00:00,37.156,94.500,18.3,46.0,190.0,6.2
2008-10-31, 15:00:00,38.960,94.372,15.0,46.0,190.0,4.1
2008-10-31, 15:00:00,39.297,94.730,15.6,46.0,210.0,4.1
2008-10-31, 15:00:00,39.121,94.597,16.7,46.0,200.0,5.1
2008-10-31, 15:00:00,36.770,90.322,14.4,46.0,190.0,3.1
2008-10-31, 15:00:00,38.930,90.432,13.3,46.0,80.0,3.1
2008-10-31, 15:00:00,37.240,93.390,15.0,46.0,180.0,6.7
2008-10-31, 15:00:00,39.768,94.909,15.0,46.0,180.0,2.1
2008-10-31, 15:00:00,38.752,90.374,16.1,46.0,180.0,2.6
2008-10-31, 15:00:00,38.657,90.656,16.1,46.0,210.0,1.5
2008-10-31, 15:00:00,38.733,93.550,14.5,46.0,200.0,6.7
2008-10-31, 15:00:00,37.733,92.133,17.9,46.0,180.0,5.1
2008-10-31, 15:00:00,36.879,91.905,15.0,46.0,160.0,2.6
2008-10-31, 15:00:00,38.132,91.765,17.2,46.0,200.0,6.2
2008-10-31, 15:00:00,30.417,88.917,15.7,46.0,30.0,2.6
2008-10-31, 15:00:00,33.650,88.450,12.6,46.0,140.0,2.1
2008-10-31, 15:00:00,33.483,90.986,14.4,46.0,190.0,3.1
2008-10-31, 15:00:00,30.412,89.081,16.1,46.0,40.0,2.1
2008-10-31, 15:00:00,33.450,88.583,12.0,46.0,120.0,2.1
2008-10-31, 15:00:00,33.492,90.084,16.1,46.0,0.0,0.0
2008-10-31, 15:00:00,31.265,89.253,12.8,46.0,0.0,0.0
2008-10-31, 15:00:00,31.617,91.300,16.0,46.0,0.0,0.0
2008-10-31, 15:00:00,32.335,90.222,15.6,46.0,0.0,0.0
2008-10-31, 15:00:00,32.320,90.077,15.6,46.0,0.0,0.0
2008-10-31, 15:00:00,31.178,90.472,16.1,46.0,80.0,1.5
2008-10-31, 15:00:00,32.338,88.748,13.9,46.0,0.0,0.0
2008-10-31, 15:00:00,32.552,88.555,12.2,46.0,170.0,1.5
2008-10-31, 15:00:00,34.979,89.787,13.0,46.0,190.0,4.1
2008-10-31, 15:00:00,31.467,89.333,13.0,46.0,70.0,1.5
2008-10-31, 15:00:00,30.464,88.532,17.2,46.0,70.0,1.5
2008-10-31, 15:00:00,34.268,88.770,12.8,46.0,210.0,1.5
2008-10-31, 15:00:00,34.384,89.536,14.0,46.0,0.0,0.0
2008-10-31, 15:00:00,34.681,90.346,14.0,46.0,170.0,3.6
2008-10-31, 15:00:00,46.348,104.257,4.4,46.0,130.0,4.6
2008-10-31, 15:00:00,45.807,108.542,4.4,46.0,220.0,5.1
2008-10-31, 15:00:00,45.955,112.497,0.01,46.0,120.0,1.5
2008-10-31, 15:00:00,45.788,111.161,2.2,46.0,220.0,1.5
2008-10-31, 15:00:00,45.257,112.554,3.3,46.0,220.0,3.6
2008-10-31, 15:00:00,47.133,104.800,4.0,46.0,0.0,0.0
2008-10-31, 15:00:00,46.606,111.964,2.8,46.0,0.0,0.0
2008-10-31, 15:00:00,47.326,106.948,0.01,46.0,0.0,0.0
2008-10-31, 15:00:00,45.699,110.448,1.7,46.0,270.0,1.5
2008-10-31, 15:00:00,47.049,109.466,6.1,46.0,120.0,1.5
2008-10-31, 15:00:00,46.428,105.886,5.0,46.0,60.0,1.5
2008-10-31, 15:00:00,46.921,114.092,0.61,46.0,170.0,1.5
2008-10-31, 15:00:00,46.782,100.757,0.61,46.0,0.0,0.0
2008-10-31, 15:00:00,46.187,103.428,4.0,46.0,130.0,2.6
2008-10-31, 15:00:00,46.244,96.607,3.5,46.0,330.0,1.5
2008-10-31, 15:00:00,46.797,102.802,2.2,46.0,150.0,3.6
2008-10-31, 15:00:00,46.925,96.811,3.3,46.0,350.0,1.5
2008-10-31, 15:00:00,46.010,102.650,1.7,46.0,110.0,2.1
2008-10-31, 15:00:00,46.930,98.678,1.1,46.0,0.0,0.0
2008-10-31, 15:00:00,40.600,95.850,11.0,46.0,20.0,2.6
2008-10-31, 15:00:00,42.057,102.800,2.2,46.0,270.0,1.5
2008-10-31, 15:00:00,42.583,100.000,6.0,46.0,310.0,2.6
2008-10-31, 15:00:00,40.894,97.994,10.0,46.0,330.0,5.1
2008-10-31, 15:00:00,41.433,99.650,12.2,46.0,350.0,1.5
2008-10-31, 15:00:00,41.867,103.586,2.2,46.0,300.0,2.6
2008-10-31, 15:00:00,40.300,96.750,11.0,46.0,320.0,2.6
2008-10-31, 15:00:00,41.728,98.056,8.0,46.0,320.0,6.2
2008-10-31, 15:00:00,42.838,103.095,1.1,46.0,0.0,0.0
2008-10-31, 15:00:00,40.733,99.000,10.0,46.0,330.0,3.1
2008-10-31, 15:00:00,41.450,96.517,9.0,46.0,290.0,3.6
2008-10-31, 15:00:00,40.079,95.592,11.1,46.0,340.0,2.1
2008-10-31, 15:00:00,40.958,98.312,10.0,46.0,320.0,4.6
2008-10-31, 15:00:00,40.450,99.333,11.0,46.0,310.0,2.6
2008-10-31, 15:00:00,40.152,97.587,10.0,46.0,330.0,1.5
2008-10-31, 15:00:00,40.600,98.426,11.1,46.0,330.0,5.7
2008-10-31, 15:00:00,41.183,103.667,7.0,46.0,260.0,4.1
2008-10-31, 15:00:00,40.517,101.617,7.2,46.0,0.0,0.0
2008-10-31, 15:00:00,40.897,97.623,11.0,46.0,330.0,4.1
2008-10-31, 15:00:00,41.122,100.668,5.0,46.0,0.0,0.0
2008-10-31, 15:00:00,42.242,96.981,7.0,46.0,330.0,3.6
2008-10-31, 15:00:00,40.831,96.764,10.0,46.0,0.0,0.0
2008-10-31, 15:00:00,40.791,99.777,7.0,46.0,290.0,3.6
2008-10-31, 15:00:00,40.203,100.588,7.8,46.0,270.0,3.6
2008-10-31, 15:00:00,41.196,96.112,10.0,46.0,320.0,3.1
2008-10-31, 15:00:00,41.624,98.952,7.2,46.0,320.0,4.1
2008-10-31, 15:00:00,41.117,95.900,10.4,46.0,290.0,2.6
2008-10-31, 15:00:00,41.980,97.437,8.9,46.0,310.0,3.6
2008-10-31, 15:00:00,41.120,101.769,3.0,46.0,0.0,0.0
2008-10-31, 15:00:00,41.450,97.333,11.0,46.0,340.0,5.1
2008-10-31, 15:00:00,41.310,95.899,10.0,46.0,360.0,3.1
2008-10-31, 15:00:00,42.467,98.683,7.0,46.0,310.0,3.1
2008-10-31, 15:00:00,40.950,95.918,11.0,46.0,310.0,2.1
2008-10-31, 15:00:00,41.099,102.986,6.1,46.0,250.0,3.1
2008-10-31, 15:00:00,41.962,100.569,6.0,46.0,290.0,2.1
2008-10-31, 15:00:00,41.767,96.178,9.4,46.0,340.0,2.1
2008-10-31, 15:00:00,42.859,100.551,5.0,46.0,0.0,0.0
2008-10-31, 15:00:00,35.042,106.615,9.4,46.0,310.0,2.6
2008-10-31, 15:00:00,35.145,106.795,10.0,46.0,20.0,3.6
2008-10-31, 15:00:00,32.833,105.983,10.0,46.0,0.0,0.0
2008-10-31, 15:00:00,32.852,104.467,12.0,46.0,350.0,1.5
2008-10-31, 15:00:00,36.448,103.153,17.2,46.0,330.0,2.6
2008-10-31, 15:00:00,32.338,104.263,13.3,46.0,350.0,1.5
2008-10-31, 15:00:00,35.000,105.667,13.9,46.0,NaN,1.5
2008-10-31, 15:00:00,34.433,103.083,12.0,46.0,320.0,4.6
2008-10-31, 15:00:00,34.383,103.317,12.5,46.0,350.0,4.6
2008-10-31, 15:00:00,32.262,107.720,12.2,46.0,0.0,0.0
2008-10-31, 15:00:00,36.744,108.229,7.2,46.0,110.0,4.6
2008-10-31, 15:00:00,35.165,107.902,3.3,46.0,340.0,2.6
2008-10-31, 15:00:00,35.511,108.789,4.4,46.0,0.0,0.0
2008-10-31, 15:00:00,32.850,106.100,9.0,46.0,170.0,2.1
2008-10-31, 15:00:00,32.683,103.217,10.0,46.0,0.0,0.0
2008-10-31, 15:00:00,35.880,106.269,11.0,46.0,30.0,2.6
2008-10-31, 15:00:00,32.289,106.922,15.0,46.0,0.0,0.0
2008-10-31, 15:00:00,35.654,105.142,9.4,46.0,360.0,4.1
2008-10-31, 15:00:00,33.308,104.508,12.2,46.0,360.0,2.1
2008-10-31, 15:00:00,36.742,104.658,6.1,46.0,70.0,2.1
2008-10-31, 15:00:00,35.610,106.095,7.8,46.0,360.0,7.7
2008-10-31, 15:00:00,36.450,105.667,6.0,46.0,360.0,3.6
2008-10-31, 15:00:00,33.467,105.533,14.0,46.0,260.0,2.6
2008-10-31, 15:00:00,32.633,108.150,14.0,46.0,340.0,1.5
2008-10-31, 15:00:00,35.183,103.603,13.3,46.0,330.0,2.6
2008-10-31, 15:00:00,33.237,107.268,13.3,46.0,350.0,1.5
2008-10-31, 15:00:00,34.147,97.122,20.0,46.0,210.0,4.6
2008-10-31, 15:00:00,33.909,94.859,15.0,46.0,150.0,2.1
2008-10-31, 15:00:00,34.804,96.671,19.0,46.0,200.0,5.7
2008-10-31, 15:00:00,34.699,99.338,14.0,46.0,0.0,0.0
2008-10-31, 15:00:00,36.768,96.026,18.3,46.0,210.0,4.1
2008-10-31, 15:00:00,35.096,97.966,16.0,46.0,230.0,3.6
2008-10-31, 15:00:00,35.724,96.820,18.0,46.0,220.0,6.7
2008-10-31, 15:00:00,35.357,99.204,15.6,46.0,340.0,3.6
2008-10-31, 15:00:00,35.950,96.773,18.0,46.0,220.0,4.1
2008-10-31, 15:00:00,33.942,96.394,19.0,46.0,200.0,5.7
2008-10-31, 15:00:00,34.471,97.960,16.0,46.0,210.0,5.7
2008-10-31, 15:00:00,36.333,97.917,14.5,46.0,330.0,5.1
2008-10-31, 15:00:00,34.344,98.983,16.7,46.0,200.0,5.7
2008-10-31, 15:00:00,34.600,98.400,15.3,46.0,220.0,2.6
2008-10-31, 15:00:00,36.297,99.769,11.7,46.0,260.0,2.6
2008-10-31, 15:00:00,36.294,95.480,18.0,46.0,210.0,6.7
2008-10-31, 15:00:00,36.605,94.739,20.0,46.0,190.0,4.6
2008-10-31, 15:00:00,35.852,97.408,17.8,46.0,240.0,4.1
2008-10-31, 15:00:00,36.682,101.505,12.2,46.0,320.0,2.1
2008-10-31, 15:00:00,34.989,99.052,15.0,46.0,220.0,2.1
2008-10-31, 15:00:00,35.438,94.803,16.0,46.0,150.0,3.1
2008-10-31, 15:00:00,35.865,98.421,16.0,46.0,330.0,3.1
2008-10-31, 15:00:00,34.557,98.417,16.7,46.0,210.0,3.6
2008-10-31, 15:00:00,34.650,99.267,14.9,46.0,0.0,0.0
2008-10-31, 15:00:00,35.657,95.360,18.9,46.0,190.0,7.2
2008-10-31, 15:00:00,34.882,95.783,18.3,46.0,200.0,6.7
2008-10-31, 15:00:00,35.545,98.668,14.0,46.0,0.0,0.0
2008-10-31, 15:00:00,35.389,97.600,16.7,46.0,200.0,4.6
2008-10-31, 15:00:00,35.668,95.949,19.0,46.0,210.0,5.1
2008-10-31, 15:00:00,35.217,97.450,17.0,46.0,200.0,4.6
2008-10-31, 15:00:00,36.730,97.100,14.4,46.0,NaN,1.5
2008-10-31, 15:00:00,34.711,97.223,19.0,46.0,200.0,6.2
2008-10-31, 15:00:00,35.541,97.647,16.7,46.0,210.0,5.7
2008-10-31, 15:00:00,35.022,94.621,21.0,46.0,220.0,2.6
2008-10-31, 15:00:00,35.472,98.006,17.0,46.0,210.0,3.6
2008-10-31, 15:00:00,36.042,95.989,18.3,46.0,200.0,4.1
2008-10-31, 15:00:00,35.357,96.943,18.0,46.0,220.0,6.2
2008-10-31, 15:00:00,35.274,96.675,18.0,46.0,200.0,3.1
2008-10-31, 15:00:00,36.162,97.089,17.8,46.0,200.0,4.6
2008-10-31, 15:00:00,35.417,97.383,16.6,46.0,220.0,4.6
2008-10-31, 15:00:00,35.929,95.004,18.0,46.0,190.0,4.6
2008-10-31, 15:00:00,36.197,95.886,18.3,46.0,210.0,5.7
2008-10-31, 15:00:00,36.379,97.791,16.0,46.0,320.0,3.1
2008-10-31, 15:00:00,36.437,99.521,13.0,46.0,270.0,2.1
2008-10-31, 15:00:00,45.604,103.546,5.0,46.0,120.0,1.5
2008-10-31, 15:00:00,45.669,96.991,5.0,46.0,350.0,3.1
2008-10-31, 15:00:00,43.767,99.318,6.7,46.0,330.0,2.1
2008-10-31, 15:00:00,45.443,98.413,3.9,46.0,20.0,3.1
2008-10-31, 15:00:00,44.905,97.149,6.7,46.0,0.0,0.0
2008-10-31, 15:00:00,44.300,96.817,7.0,46.0,20.0,5.1
2008-10-31, 15:00:00,43.733,103.618,6.1,46.0,0.0,0.0
2008-10-31, 15:00:00,45.032,102.019,6.7,46.0,130.0,4.1
2008-10-31, 15:00:00,43.577,96.754,7.2,46.0,20.0,4.1
2008-10-31, 15:00:00,44.388,98.228,4.4,46.0,320.0,3.1
2008-10-31, 15:00:00,43.026,102.523,2.8,46.0,0.0,0.0
2008-10-31, 15:00:00,45.550,100.409,2.2,46.0,0.0,0.0
2008-10-31, 15:00:00,43.767,98.033,6.1,46.0,330.0,3.6
2008-10-31, 15:00:00,44.051,101.601,1.7,46.0,0.0,0.0
2008-10-31, 15:00:00,44.383,100.286,5.0,46.0,40.0,1.5
2008-10-31, 15:00:00,44.046,103.054,8.3,46.0,0.0,0.0
2008-10-31, 15:00:00,44.150,103.100,9.0,46.0,NaN,2.1
2008-10-31, 15:00:00,44.483,103.783,9.0,46.0,0.0,0.0
2008-10-31, 15:00:00,42.917,97.383,6.0,46.0,320.0,6.2
2008-10-31, 15:00:00,36.119,86.689,12.8,46.0,170.0,2.1
2008-10-31, 15:00:00,36.622,87.415,12.2,46.0,0.0,0.0
2008-10-31, 15:00:00,36.000,89.400,13.0,46.0,170.0,3.1
2008-10-31, 15:00:00,35.061,89.985,16.1,46.0,170.0,4.1
2008-10-31, 15:00:00,35.593,88.917,15.6,46.0,190.0,2.6
2008-10-31, 15:00:00,36.009,86.520,13.3,46.0,110.0,2.6
2008-10-31, 15:00:00,35.357,89.870,15.0,46.0,150.0,2.1
2008-10-31, 15:00:00,30.219,96.374,16.0,46.0,0.0,0.0
2008-10-31, 15:00:00,29.908,96.950,18.0,46.0,100.0,1.5
2008-10-31, 15:00:00,30.048,102.213,13.3,46.0,40.0,3.1
2008-10-31, 15:00:00,32.410,99.682,14.4,46.0,210.0,6.7
2008-10-31, 15:00:00,31.617,97.228,18.9,46.0,170.0,4.1
2008-10-31, 15:00:00,32.967,96.833,18.0,46.0,170.0,4.1
2008-10-31, 15:00:00,32.973,97.318,20.0,46.0,200.0,4.1
2008-10-31, 15:00:00,27.741,98.027,23.3,46.0,150.0,2.6
2008-10-31, 15:00:00,35.220,101.717,15.0,46.0,320.0,2.6
2008-10-31, 15:00:00,30.784,98.662,18.0,46.0,130.0,2.6
2008-10-31, 15:00:00,29.254,96.154,21.0,46.0,110.0,2.6
2008-10-31, 15:00:00,30.194,97.670,19.4,46.0,140.0,1.5
2008-10-31, 15:00:00,29.709,98.045,18.9,46.0,0.0,0.0
2008-10-31, 15:00:00,31.179,99.324,17.0,46.0,170.0,3.6
2008-10-31, 15:00:00,35.695,101.395,11.1,46.0,0.0,0.0
2008-10-31, 15:00:00,30.740,98.235,17.8,46.0,180.0,2.6
2008-10-31, 15:00:00,32.200,101.517,15.0,46.0,160.0,3.6
2008-10-31, 15:00:00,29.951,94.021,19.4,46.0,70.0,2.6
2008-10-31, 15:00:00,34.428,100.283,17.8,46.0,260.0,2.1
2008-10-31, 15:00:00,30.582,96.362,20.0,46.0,140.0,3.1
2008-10-31, 15:00:00,28.458,99.220,21.1,46.0,130.0,2.6
2008-10-31, 15:00:00,32.354,97.434,16.0,46.0,190.0,3.1
2008-10-31, 15:00:00,27.773,97.513,23.9,46.0,NaN,1.5
2008-10-31, 15:00:00,32.031,96.399,17.8,46.0,190.0,3.6
2008-10-31, 15:00:00,30.357,95.414,18.3,46.0,NaN,1.5
2008-10-31, 15:00:00,32.852,96.856,18.3,46.0,170.0,3.6
2008-10-31, 15:00:00,32.897,97.022,20.0,46.0,200.0,6.2
2008-10-31, 15:00:00,36.023,102.547,13.3,46.0,10.0,3.6
2008-10-31, 15:00:00,31.307,95.404,17.0,46.0,100.0,2.1
2008-10-31, 15:00:00,29.117,100.467,17.5,46.0,130.0,4.1
2008-10-31, 15:00:00,29.375,100.924,16.7,46.0,130.0,5.1
2008-10-31, 15:00:00,33.206,97.199,18.9,46.0,190.0,6.2
2008-10-31, 15:00:00,35.858,102.013,11.0,46.0,340.0,3.1
2008-10-31, 15:00:00,30.067,95.556,18.9,46.0,100.0,2.6
2008-10-31, 15:00:00,32.420,99.857,15.7,46.0,190.0,6.2
2008-10-31, 15:00:00,30.384,103.683,17.0,46.0,230.0,2.1
2008-10-31, 15:00:00,29.947,100.174,18.0,46.0,160.0,5.1
2008-10-31, 15:00:00,31.811,106.376,13.9,46.0,10.0,3.6
2008-10-31, 15:00:00,29.967,99.083,18.0,46.0,160.0,3.1
2008-10-31, 15:00:00,34.226,99.284,17.0,46.0,230.0,3.1
2008-10-31, 15:00:00,30.912,102.917,16.1,46.0,160.0,2.1
2008-10-31, 15:00:00,32.825,97.364,18.9,46.0,200.0,5.1
2008-10-31, 15:00:00,32.567,97.300,19.0,46.0,180.0,4.6
2008-10-31, 15:00:00,32.444,97.817,18.0,46.0,160.0,3.6
2008-10-31, 15:00:00,31.831,104.809,15.0,46.0,230.0,3.1
2008-10-31, 15:00:00,32.390,94.714,17.8,46.0,210.0,2.6
2008-10-31, 15:00:00,32.664,97.096,18.3,46.0,190.0,4.6
2008-10-31, 15:00:00,33.651,97.197,17.0,46.0,200.0,5.1
2008-10-31, 15:00:00,29.270,94.864,NaN,46.0,90.0,4.1
2008-10-31, 15:00:00,32.675,102.652,12.0,46.0,0.0,0.0
2008-10-31, 15:00:00,31.421,97.797,18.0,46.0,0.0,0.0
2008-10-31, 15:00:00,32.699,97.047,18.0,46.0,190.0,5.1
2008-10-31, 15:00:00,31.067,97.817,19.0,46.0,180.0,4.1
2008-10-31, 15:00:00,30.683,97.683,18.0,46.0,180.0,4.1
2008-10-31, 15:00:00,33.067,96.067,17.0,46.0,180.0,5.7
2008-10-31, 15:00:00,30.169,96.980,18.0,46.0,150.0,1.5
2008-10-31, 15:00:00,29.359,99.174,19.4,46.0,130.0,3.1
2008-10-31, 15:00:00,35.900,100.400,8.0,46.0,0.0,0.0
2008-10-31, 15:00:00,31.133,97.700,18.9,46.0,170.0,3.1
2008-10-31, 15:00:00,29.638,95.282,21.7,46.0,110.0,3.1
2008-10-31, 15:00:00,32.747,96.530,15.0,46.0,160.0,3.6
2008-10-31, 15:00:00,29.894,97.865,19.0,46.0,0.0,0.0
2008-10-31, 15:00:00,29.992,95.364,20.0,46.0,110.0,2.6
2008-10-31, 15:00:00,31.083,97.683,18.0,46.0,190.0,3.1
2008-10-31, 15:00:00,32.083,97.097,17.0,46.0,190.0,4.6
2008-10-31, 15:00:00,31.780,103.201,13.9,46.0,0.0,0.0
2008-10-31, 15:00:00,30.886,94.035,16.9,46.0,100.0,1.5
2008-10-31, 15:00:00,30.511,99.766,18.9,46.0,220.0,3.6
2008-10-31, 15:00:00,32.742,95.496,17.0,46.0,190.0,2.6
2008-10-31, 15:00:00,31.869,95.217,16.0,46.0,180.0,3.1
2008-10-31, 15:00:00,32.699,94.949,16.0,46.0,170.0,3.1
2008-10-31, 15:00:00,33.667,101.821,14.4,46.0,270.0,3.6
2008-10-31, 15:00:00,31.234,94.750,16.1,46.0,140.0,3.1
2008-10-31, 15:00:00,32.579,96.719,17.0,46.0,180.0,2.1
2008-10-31, 15:00:00,27.544,99.461,23.3,46.0,160.0,5.7
2008-10-31, 15:00:00,33.254,97.580,16.0,46.0,190.0,5.1
2008-10-31, 15:00:00,29.521,95.242,20.6,46.0,110.0,3.1
2008-10-31, 15:00:00,31.948,102.209,15.6,46.0,170.0,4.1
2008-10-31, 15:00:00,32.036,102.101,16.0,46.0,180.0,4.6
2008-10-31, 15:00:00,31.917,98.600,18.0,46.0,0.0,0.0
2008-10-31, 15:00:00,30.367,104.017,14.0,46.0,0.0,0.0
2008-10-31, 15:00:00,32.782,98.060,16.1,46.0,150.0,3.1
2008-10-31, 15:00:00,32.766,97.433,18.9,46.0,190.0,4.6
2008-10-31, 15:00:00,27.692,97.291,24.4,46.0,140.0,3.6
2008-10-31, 15:00:00,27.503,97.812,23.9,46.0,120.0,3.1
2008-10-31, 15:00:00,31.583,94.717,16.0,46.0,140.0,2.1
2008-10-31, 15:00:00,31.921,102.392,15.6,46.0,0.0,0.0
2008-10-31, 15:00:00,30.069,93.804,17.2,46.0,60.0,1.5
2008-10-31, 15:00:00,31.382,103.510,12.0,46.0,330.0,1.5
2008-10-31, 15:00:00,28.654,96.681,23.0,46.0,120.0,4.6
2008-10-31, 15:00:00,35.613,100.996,14.0,46.0,340.0,2.1
2008-10-31, 15:00:00,33.633,95.450,17.0,46.0,210.0,5.1
2008-10-31, 15:00:00,31.779,95.706,17.0,46.0,170.0,1.5
2008-10-31, 15:00:00,28.728,96.251,22.8,46.0,110.0,4.6
2008-10-31, 15:00:00,34.168,101.717,12.0,46.0,280.0,3.1
2008-10-31, 15:00:00,31.483,97.317,19.0,46.0,190.0,4.6
2008-10-31, 15:00:00,36.400,100.733,11.0,46.0,320.0,3.6
2008-10-31, 15:00:00,27.812,97.089,24.0,46.0,80.0,3.1
2008-10-31, 15:00:00,32.676,96.864,18.9,46.0,170.0,4.1
2008-10-31, 15:00:00,27.778,97.690,22.0,46.0,130.0,2.1
2008-10-31, 15:00:00,28.084,97.046,23.9,46.0,140.0,1.5
2008-10-31, 15:00:00,29.533,98.283,18.1,46.0,0.0,0.0
2008-10-31, 15:00:00,33.110,98.555,17.0,46.0,180.0,2.6
2008-10-31, 15:00:00,30.515,96.704,17.0,46.0,130.0,2.6
2008-10-31, 15:00:00,29.533,98.464,20.0,46.0,0.0,0.0
2008-10-31, 15:00:00,32.217,98.183,21.0,46.0,210.0,6.7
2008-10-31, 15:00:00,29.622,95.657,21.7,46.0,120.0,2.1
2008-10-31, 15:00:00,31.351,100.494,18.9,46.0,200.0,5.1
2008-10-31, 15:00:00,29.383,98.583,19.7,46.0,140.0,1.5
2008-10-31, 15:00:00,33.161,95.621,18.0,46.0,200.0,5.7
2008-10-31, 15:00:00,32.693,100.950,12.0,46.0,220.0,3.6
2008-10-31, 15:00:00,30.586,100.648,18.0,46.0,180.0,4.6
2008-10-31, 15:00:00,33.979,98.493,17.2,46.0,200.0,5.1
2008-10-31, 15:00:00,29.339,98.472,19.4,46.0,NaN,1.5
2008-10-31, 15:00:00,32.467,100.466,17.0,46.0,190.0,5.7
2008-10-31, 15:00:00,30.244,98.909,17.0,46.0,210.0,3.6
2008-10-31, 15:00:00,33.178,96.590,17.8,46.0,190.0,4.1
2008-10-31, 15:00:00,31.150,97.400,18.0,46.0,190.0,4.1
2008-10-31, 15:00:00,32.714,96.268,17.2,46.0,180.0,4.1
2008-10-31, 15:00:00,32.359,95.404,17.2,46.0,250.0,4.6
2008-10-31, 15:00:00,30.744,95.586,20.0,46.0,150.0,4.1
2008-10-31, 15:00:00,29.211,99.743,18.0,46.0,90.0,2.6
2008-10-31, 15:00:00,28.862,96.930,21.7,46.0,130.0,2.1
2008-10-31, 15:00:00,33.175,97.828,18.0,46.0,210.0,4.6
2008-10-31, 15:00:00,37.706,112.146,1.7,46.0,230.0,1.5
2008-10-31, 15:00:00,37.707,113.097,14.4,46.0,180.0,4.1
2008-10-31, 15:00:00,38.760,109.745,11.1,46.0,160.0,2.1
2008-10-31, 15:00:00,41.117,111.967,13.0,46.0,160.0,5.7
2008-10-31, 15:00:00,41.783,111.854,1.7,46.0,270.0,1.5
2008-10-31, 15:00:00,38.422,113.010,11.1,46.0,210.0,4.6
2008-10-31, 15:00:00,41.194,112.016,12.8,46.0,150.0,5.1
2008-10-31, 15:00:00,39.609,110.755,7.2,46.0,30.0,1.5
2008-10-31, 15:00:00,40.217,111.717,8.0,46.0,120.0,3.6
2008-10-31, 15:00:00,41.050,113.083,11.0,46.0,NaN,2.6
2008-10-31, 15:00:00,40.778,111.969,14.4,46.0,120.0,6.2
2008-10-31, 15:00:00,40.444,109.512,4.4,46.0,0.0,0.0
2008-10-31, 15:00:00,45.933,89.733,11.0,46.0,360.0,4.1
2008-10-31, 15:00:00,46.550,90.918,9.4,46.0,10.0,3.1
2008-10-31, 15:00:00,44.250,88.517,NaN,46.0,250.0,3.6
2008-10-31, 15:00:00,44.929,89.627,12.2,46.0,350.0,4.6
2008-10-31, 15:00:00,42.690,88.305,18.0,46.0,230.0,5.7
2008-10-31, 15:00:00,44.614,88.731,12.0,46.0,290.0,2.1
2008-10-31, 15:00:00,43.958,90.738,12.0,46.0,260.0,2.6
2008-10-31, 15:00:00,44.783,89.667,11.0,46.0,340.0,4.1
2008-10-31, 15:00:00,43.522,89.771,14.0,46.0,270.0,3.1
2008-10-31, 15:00:00,44.865,91.485,11.7,46.0,30.0,4.6
2008-10-31, 15:00:00,42.615,89.591,13.0,46.0,210.0,3.6
2008-10-31, 15:00:00,45.932,89.269,8.8,46.0,20.0,4.6
2008-10-31, 15:00:00,42.595,87.938,13.9,46.0,230.0,5.1
2008-10-31, 15:00:00,43.422,88.128,14.0,46.0,270.0,3.1
2008-10-31, 15:00:00,43.770,88.486,12.8,46.0,250.0,3.6
2008-10-31, 15:00:00,44.479,88.137,11.7,46.0,260.0,3.1
2008-10-31, 15:00:00,46.020,91.450,10.6,46.0,NaN,2.1
2008-10-31, 15:00:00,44.359,89.837,12.8,46.0,320.0,2.6
2008-10-31, 15:00:00,42.617,89.033,12.0,46.0,220.0,3.6
2008-10-31, 15:00:00,46.154,89.212,9.0,46.0,360.0,5.7
2008-10-31, 15:00:00,43.212,90.181,13.9,46.0,0.0,0.0
2008-10-31, 15:00:00,43.879,91.257,11.1,46.0,0.0,0.0
2008-10-31, 15:00:00,44.892,91.868,13.0,46.0,350.0,2.6
2008-10-31, 15:00:00,45.101,90.303,11.0,46.0,360.0,2.6
2008-10-31, 15:00:00,44.638,90.188,12.8,46.0,20.0,4.1
2008-10-31, 15:00:00,42.955,87.904,14.4,46.0,260.0,4.6
2008-10-31, 15:00:00,42.885,90.232,12.3,46.0,190.0,2.6
2008-10-31, 15:00:00,43.140,89.345,12.8,46.0,NaN,2.1
2008-10-31, 15:00:00,44.133,87.683,14.0,46.0,260.0,4.6
2008-10-31, 15:00:00,43.117,88.033,15.0,46.0,210.0,3.1
2008-10-31, 15:00:00,45.309,92.690,8.0,46.0,350.0,2.1
2008-10-31, 15:00:00,43.967,88.558,13.3,46.0,280.0,3.6
2008-10-31, 15:00:00,43.156,90.677,11.1,46.0,0.0,0.0
2008-10-31, 15:00:00,45.700,90.400,11.0,46.0,360.0,3.6
2008-10-31, 15:00:00,44.334,89.015,12.0,46.0,260.0,1.5
2008-10-31, 15:00:00,43.022,91.125,12.0,46.0,0.0,0.0
2008-10-31, 15:00:00,42.759,87.818,13.9,46.0,250.0,5.1
2008-10-31, 15:00:00,45.497,91.000,10.0,46.0,360.0,4.6
2008-10-31, 15:00:00,45.632,89.482,9.4,46.0,350.0,3.6
2008-10-31, 15:00:00,45.148,92.538,11.0,46.0,20.0,5.1
2008-10-31, 15:00:00,45.418,91.774,10.0,46.0,10.0,2.6
2008-10-31, 15:00:00,45.183,89.700,9.0,46.0,20.0,3.1
2008-10-31, 15:00:00,43.167,88.717,13.0,46.0,230.0,2.6
2008-10-31, 15:00:00,45.823,92.372,9.0,46.0,30.0,3.1
2008-10-31, 15:00:00,43.776,87.850,15.0,46.0,250.0,3.1
2008-10-31, 15:00:00,44.545,89.530,12.0,46.0,330.0,2.6
2008-10-31, 15:00:00,44.850,87.417,12.0,46.0,290.0,4.1
2008-10-31, 15:00:00,46.690,92.095,8.0,46.0,70.0,2.6
2008-10-31, 15:00:00,45.469,89.806,10.0,46.0,360.0,3.6
2008-10-31, 15:00:00,43.041,88.237,16.0,46.0,250.0,4.1
2008-10-31, 15:00:00,43.427,88.703,12.0,46.0,250.0,4.1
2008-10-31, 15:00:00,43.933,90.267,14.0,46.0,310.0,3.1
2008-10-31, 15:00:00,44.041,89.304,12.7,46.0,0.0,0.0
2008-10-31, 15:00:00,41.700,106.217,13.5,46.0,240.0,5.7
2008-10-31, 15:00:00,42.579,110.103,-2.8,46.0,0.0,0.0
2008-10-31, 15:00:00,44.381,106.719,13.9,46.0,230.0,1.5
2008-10-31, 15:00:00,44.517,109.017,5.0,46.0,10.0,1.5
2008-10-31, 15:00:00,42.897,106.473,8.9,46.0,290.0,3.1
2008-10-31, 15:00:00,41.158,104.807,7.8,46.0,0.0,0.0
2008-10-31, 15:00:00,42.794,105.382,-0.59,46.0,0.0,0.0
2008-10-31, 15:00:00,41.273,111.030,8.3,46.0,140.0,1.5
2008-10-31, 15:00:00,44.339,105.542,7.2,46.0,150.0,4.6
2008-10-31, 15:00:00,44.516,108.076,-0.59,46.0,0.0,0.0
2008-10-31, 15:00:00,43.600,110.733,-3.0,46.0,50.0,1.5
2008-10-31, 15:00:00,41.312,105.675,5.6,46.0,160.0,3.1
2008-10-31, 15:00:00,42.815,108.728,5.0,46.0,0.0,0.0
2008-10-31, 15:00:00,44.544,110.421,-2.8,46.0,0.0,0.0
2008-10-31, 15:00:00,42.795,109.807,-2.0,46.0,300.0,2.6
2008-10-31, 15:00:00,43.062,108.446,4.4,46.0,0.0,0.0
2008-10-31, 15:00:00,41.594,109.065,5.6,46.0,0.0,0.0
2008-10-31, 15:00:00,41.806,107.200,3.9,46.0,0.0,0.0
2008-10-31, 15:00:00,44.769,106.969,2.2,46.0,0.0,0.0
2008-10-31, 15:00:00,42.065,104.153,1.7,46.0,0.0,0.0
2008-10-31, 15:00:00,41.150,105.400,8.8,46.0,220.0,4.1
2008-10-31, 15:00:00,43.966,107.951,1.1,46.0,0.0,0.0
2008-10-31, 15:00:00,28.700,105.967,14.0,46.0,0.0,0.0
2008-10-31, 15:00:00,27.967,110.933,25.0,46.0,0.0,0.0
